 20 30 20 2 4
 1 0 0 T F 2.9481535 4.05455303 11.5201359 0.5 0.5 0. 5510.06787 0. 49778.418 264.450836 322.855682 5. 0. 0. 0.
 2 0 268435455 T F 13.7667618 2.29704618 19.3740406 0.5 0.5 0. 9437.01953 0. 28419.1523 232.879013 333.755646 5. 0. 0. 0.
 3 0 536870910 T F 9.49389172 6.54954863 7.08940601 0.5 0.5 0. 3294.70288 0. 66637.7266 278.44455 312.726563 5. 0. 0. 0.
 4 0 805306365 T F 11.3125 8.79204178 14.9433117 0.5 0.5 0. 7221.65576 0. 39274.9961 250.98172 327.904907 5. 0. 0. 0.
 5 0 1073741820 T F 7.03963041 13.0445442 2.65867662 0.5 0.5 0. 1079.33826 0. 87849.0313 286.667297 297.490143 5. 0. 0. 0.
 6 0 1342177275 T F 17.8582382 11.2870369 10.5125809 0.5 0.5 0. 5006.29053 0. 53268.6719 267.747253 320.604492 5. 0. 0. 0.
 7 0 1610612730 T F 4.58536911 19.5395393 27.2279453 0.5 0.5 0. 13363.9727 0. 15173.5234 205.816376 352.968353 5. 0. 0. 0.
 8 0 1879048185 T F 15.4039764 17.782032 6.08185196 0.5 0.5 0. 2790.92603 0. 71051.25 281.087158 309.955933 5. 0. 0. 0.
 1 1 0 T F 2.94915342 4.05555296 11.5556097 0.5 0.5 0. 5527.80518 0. 49664.3555 264.277374 322.855682 17.7370796 0. 0. 0.
 2 1 268435455 T F 13.7677622 2.29804611 19.4095001 0.5 0.5 0. 9454.74902 0. 28345.2363 232.705597 333.755646 17.7293625 0. 0. 0.
 3 1 536870910 T F 9.49489212 6.55054855 7.1253109 0.5 0.5 0. 3312.65527 0. 66490.9453 278.268951 312.726563 17.9524994 0. 0. 0.
 4 1 805306365 T F 11.3135004 8.79304218 14.9747667 0.5 0.5 0. 7237.3833 0. 39190.9141 250.827881 327.904907 15.72752 0. 0. 0.
 5 1 1073741820 T F 7.04063034 13.0455446 2.69488502 0.5 0.5 0. 1097.44238 0. 87659.4922 286.490234 297.490143 18.1041451 0. 0. 0.
 6 1 1342177275 T F 17.8592377 11.2880373 10.5482159 0.5 0.5 0. 5024.10791 0. 53147.5703 267.572998 320.604492 17.817564 0. 0. 0.
 7 1 1610612730 T F 4.58636904 19.5405388 27.2627163 0.5 0.5 0. 13381.3584 0. 15129.7344 205.646332 352.968353 17.385891 0. 0. 0.
 8 1 1879048185 T F 15.4049768 17.7830315 6.11764383 0.5 0.5 0. 2808.82202 0. 70896.7031 280.91214 309.955933 17.8959465 0. 0. 0.
 1 2 0 T F 2.95015335 4.05655289 11.6165543 0.5 0.5 0. 5558.27734 0. 49468.7188 263.979156 322.855682 30.4722862 0. 0. 0.
 2 2 268435455 T F 13.7687626 2.29904604 19.4703865 0.5 0.5 0. 9485.19141 0. 28218.5527 232.407608 333.755646 30.4428482 0. 0. 0.
 3 2 536870910 T F 9.49589252 6.55154848 7.18712664 0.5 0.5 0. 3343.56323 0. 66238.6406 277.966522 312.726563 30.9079552 0. 0. 0.
 4 2 805306365 T F 11.3145008 8.79404259 15.0275288 0.5 0.5 0. 7263.76465 0. 39050.0938 250.569748 327.904907 26.3812103 0. 0. 0.
 5 2 1073741820 T F 7.04163027 13.046545 2.75725985 0.5 0.5 0. 1128.62976 0. 87333.4844 286.185028 297.490143 31.1873856 0. 0. 0.
 6 2 1342177275 T F 17.8602371 11.2890377 10.6094627 0.5 0.5 0. 5054.73145 0. 52939.7656 267.273285 320.604492 30.6233406 0. 0. 0.
 7 2 1610612730 T F 4.58736897 19.5415382 27.3222351 0.5 0.5 0. 13411.1182 0. 15054.9346 205.354965 352.968353 29.7595978 0. 0. 0.
 8 2 1879048185 T F 15.4059772 17.7840309 6.1792202 0.5 0.5 0. 2839.61011 0. 70631.2422 280.61084 309.955933 30.7881508 0. 0. 0.
 1 3 0 T F 2.95115328 4.05755281 11.7029629 0.5 0.5 0. 5601.48145 0. 49192.1211 263.556091 322.855682 43.2042656 0. 0. 0.
 2 3 268435455 T F 13.769763 2.30004597 19.5566444 0.5 0.5 0. 9528.32031 0. 28039.6504 231.985153 333.755646 43.1290627 0. 0. 0.
 3 3 536870910 T F 9.49689293 6.55254841 7.27486372 0.5 0.5 0. 3387.43164 0. 65881.5078 277.536987 312.726563 43.8685074 0. 0. 0.
 4 3 805306365 T F 11.3155012 8.79504299 15.1014795 0.5 0.5 0. 7300.74023 0. 38853.2266 250.207733 327.904907 36.9753952 0. 0. 0.
 5 3 1073741820 T F 7.0426302 13.0475454 2.84572911 0.5 0.5 0. 1172.86438 0. 86872.3125 285.751923 297.490143 44.2346497 0. 0. 0.
 6 3 1342177275 T F 17.8612366 11.2900381 10.6962805 0.5 0.5 0. 5098.14014 0. 52646.0195 266.848206 320.604492 43.408844 0. 0. 0.
 7 3 1610612730 T F 4.58836889 19.5425377 27.4064598 0.5 0.5 0. 13453.2305 0. 14949.46 204.942383 352.968353 42.1124191 0. 0. 0.
 8 3 1879048185 T F 15.4069777 17.7850304 6.26656818 0.5 0.5 0. 2883.28394 0. 70255.6875 280.183228 309.955933 43.6738968 0. 0. 0.
 1 4 0 T F 2.95215321 4.05855274 11.814826 0.5 0.5 0. 5657.41309 0. 48835.4688 263.008057 322.855682 55.9316368 0. 0. 0.
 2 4 268435455 T F 13.7707634 2.30104589 19.6681976 0.5 0.5 0. 9584.09668 0. 27809.332 231.438461 333.755646 55.7766457 0. 0. 0.
 3 4 536870910 T F 9.49789333 6.55354834 7.38853645 0.5 0.5 0. 3444.26782 0. 65420.582 276.980133 312.726563 56.8362961 0. 0. 0.
 4 4 805306365 T F 11.3165016 8.7960434 15.1966152 0.5 0.5 0. 7348.30762 0. 38600.8789 249.741791 327.904907 47.567627 0. 0. 0.
 5 4 1073741820 T F 7.04363012 13.0485458 2.96019101 0.5 0.5 0. 1230.09534 0. 86277.8984 285.191254 297.490143 57.2309914 0. 0. 0.
 6 4 1342177275 T F 17.862236 11.2910385 10.8086119 0.5 0.5 0. 5154.30566 0. 52267.4609 266.297913 320.604492 56.165596 0. 0. 0.
 7 4 1610612730 T F 4.58936882 19.5435371 27.5153313 0.5 0.5 0. 13507.666 0. 14813.8037 204.408646 352.968353 54.4356537 0. 0. 0.
 8 4 1879048185 T F 15.4079781 17.7860298 6.37966919 0.5 0.5 0. 2939.83447 0. 69771.25 279.629211 309.955933 56.5504532 0. 0. 0.
 1 5 0 T F 2.95315313 4.05955267 11.9521322 0.5 0.5 0. 5726.06592 0. 48399.9688 262.334991 322.855682 68.6530075 0. 0. 0.
 2 5 268435455 T F 13.7717638 2.30204582 19.8049469 0.5 0.5 0. 9652.4707 0. 27528.6523 230.767838 333.755646 68.3742905 0. 0. 0.
 3 5 536870910 T F 9.49889374 6.55454826 7.52816343 0.5 0.5 0. 3514.0813 0. 64857.2422 276.295746 312.726563 69.8134766 0. 0. 0.
 4 5 805306365 T F 11.317502 8.7970438 15.3129301 0.5 0.5 0. 7406.46484 0. 38293.7813 249.171799 327.904907 58.1573219 0. 0. 0.
 5 5 1073741820 T F 7.04463005 13.0495462 3.10051417 0.5 0.5 0. 1300.25696 0. 85552.75 284.50351 297.490143 70.1616287 0. 0. 0.
 6 5 1342177275 T F 17.8632355 11.2920389 10.9463825 0.5 0.5 0. 5223.19092 0. 51805.5547 265.622589 320.604492 68.8851318 0. 0. 0.
 7 5 1610612730 T F 4.59036875 19.5445366 27.6487732 0.5 0.5 0. 13574.3867 0. 14648.6113 203.754013 352.968353 66.7205734 0. 0. 0.
 8 5 1879048185 T F 15.4089785 17.7870293 6.51849937 0.5 0.5 0. 3009.24951 0. 69179.5391 278.948792 309.955933 69.415062 0. 0. 0.
 1 6 0 T F 2.95415306 4.0605526 12.1148663 0.5 0.5 0. 5807.43311 0. 47887.1055 261.536804 322.855682 81.366951 0. 0. 0.
 2 6 268435455 T F 13.7727642 2.30304575 19.9667683 0.5 0.5 0. 9733.38184 0. 27198.9063 229.973724 333.755646 80.9107437 0. 0. 0.
 3 6 536870910 T F 9.49989414 6.55554819 7.69376802 0.5 0.5 0. 3596.88354 0. 64193.2109 275.483582 312.726563 82.8022385 0. 0. 0.
 4 6 805306365 T F 11.3185024 8.7980442 15.4504175 0.5 0.5 0. 7475.2085 0. 37932.8477 248.497711 327.904907 68.7438889 0. 0. 0.
 5 6 1073741820 T F 7.04562998 13.0505466 3.26655197 0.5 0.5 0. 1383.27588 0. 84699.875 283.689301 297.490143 83.0189133 0. 0. 0.
 6 6 1342177275 T F 17.8642349 11.2930393 11.1095009 0.5 0.5 0. 5304.75 0. 51262.1211 264.82254 320.604492 81.5590057 0. 0. 0.
 7 6 1610612730 T F 4.59136868 19.545536 27.8066902 0.5 0.5 0. 13653.3447 0. 14454.6777 202.978699 352.968353 78.9584579 0. 0. 0.
 8 6 1879048185 T F 15.4099789 17.7880287 6.68302917 0.5 0.5 0. 3091.5144 0. 68482.5391 278.141907 309.955933 82.2649384 0. 0. 0.
 1 7 0 T F 2.95515299 4.06155252 12.303031 0.5 0.5 0. 5901.51514 0. 47298.5938 260.613281 322.855682 94.0822678 0. 0. 0.
 2 7 268435455 T F 13.7737646 2.30404568 20.1535187 0.5 0.5 0. 9826.75684 0. 26821.623 229.056625 333.755646 93.3748474 0. 0. 0.
 3 7 536870910 T F 9.50089455 6.55654812 7.88537741 0.5 0.5 0. 3692.68823 0. 63430.5273 274.543304 312.726563 95.8047943 0. 0. 0.
 4 7 805306365 T F 11.3195028 8.79904461 15.6090708 0.5 0.5 0. 7554.53516 0. 37519.1563 247.719437 327.904907 79.3267212 0. 0. 0.
 5 7 1073741820 T F 7.04662991 13.0515471 3.45813775 0.5 0.5 0. 1479.06885 0. 83722.7813 282.749268 297.490143 95.7929077 0. 0. 0.
 6 7 1342177275 T F 17.8652344 11.2940397 11.2979193 0.5 0.5 0. 5398.95898 0. 50639.1055 263.897827 320.604492 94.2091217 0. 0. 0.
 7 7 1610612730 T F 4.5923686 19.5465355 27.9889717 0.5 0.5 0. 13744.4854 0. 14232.9434 202.083069 352.968353 91.1405792 0. 0. 0.
 8 7 1879048185 T F 15.4109793 17.7890282 6.87322378 0.5 0.5 0. 3186.61157 0. 67682.625 277.208649 309.955933 95.0972595 0. 0. 0.
 1 8 0 T F 2.95615292 4.06255245 12.5166388 0.5 0.5 0. 6008.31934 0. 46636.375 259.56427 322.855682 106.804108 0. 0. 0.
 2 8 268435455 T F 13.774765 2.3050456 20.3651543 0.5 0.5 0. 9932.57422 0. 26398.3086 228.016632 333.755646 105.817757 0. 0. 0.
 3 8 536870910 T F 9.50189495 6.55754805 8.10302448 0.5 0.5 0. 3801.51172 0. 62571.5664 273.474609 312.726563 108.82341 0. 0. 0.
 4 8 805306365 T F 11.3205032 8.80004501 15.7888813 0.5 0.5 0. 7644.44043 0. 37053.957 246.836914 327.904907 89.9051895 0. 0. 0.
 5 8 1073741820 T F 7.04762983 13.0525475 3.67508006 0.5 0.5 0. 1587.54004 0. 82625.5 281.684204 297.490143 108.471153 0. 0. 0.
 6 8 1342177275 T F 17.8662338 11.2950401 11.5116167 0.5 0.5 0. 5505.80762 0. 49938.6445 262.848419 320.604492 106.848869 0. 0. 0.
 7 8 1610612730 T F 4.59336853 19.5475349 28.195488 0.5 0.5 0. 13847.7432 0. 13984.4854 201.067627 352.968353 103.258194 0. 0. 0.
 8 8 1879048185 T F 15.4119797 17.7900276 7.08904219 0.5 0.5 0. 3294.52075 0. 66782.5234 276.149048 309.955933 107.909172 0. 0. 0.
 1 9 0 T F 2.95715284 4.06355238 12.7557058 0.5 0.5 0. 6127.85254 0. 45902.6523 258.389496 322.855682 119.533379 0. 0. 0.
 2 9 268435455 T F 13.7757654 2.30604553 20.6016579 0.5 0.5 0. 10050.8262 0. 25930.5938 226.853592 333.755646 118.251816 0. 0. 0.
 3 9 536870910 T F 9.50289536 6.55854797 8.34665012 0.5 0.5 0. 3923.32446 0. 61619.3945 272.277649 312.726563 121.812645 0. 0. 0.
 4 9 805306365 T F 11.3215036 8.80104542 15.9898386 0.5 0.5 0. 7744.91895 0. 36538.6563 245.850052 327.904907 100.478653 0. 0. 0.
 5 9 1073741820 T F 7.04862976 13.0535479 3.9171629 0.5 0.5 0. 1708.58142 0. 81412.5391 280.495056 297.490143 121.04142 0. 0. 0.
 6 9 1342177275 T F 17.8672333 11.2960405 11.7505703 0.5 0.5 0. 5625.28418 0. 49163.1523 261.674286 320.604492 119.476738 0. 0. 0.
 7 9 1610612730 T F 4.59436846 19.5485344 28.4259624 0.5 0.5 0. 13962.9805 0. 13710.667 199.933456 352.968353 115.237617 0. 0. 0.
 8 9 1879048185 T F 15.4129801 17.7910271 7.33047104 0.5 0.5 0. 3415.23511 0. 65785.1875 274.963013 309.955933 120.714325 0. 0. 0.
 1 10 0 T F 2.95815277 4.06455231 13.0202475 0.5 0.5 0. 6260.12354 0. 45099.8828 257.088684 322.855682 132.270996 0. 0. 0.
 2 10 268435455 T F 13.7767658 2.30704546 20.8630104 0.5 0.5 0. 10181.502 0. 25420.2949 225.567474 333.755646 130.675827 0. 0. 0.
 3 10 536870910 T F 9.50389576 6.5595479 8.61606979 0.5 0.5 0. 4058.03418 0. 60577.875 270.953156 312.726563 134.709641 0. 0. 0.
 4 10 805306365 T F 11.322504 8.80204582 16.2119312 0.5 0.5 0. 7855.96533 0. 35974.8242 244.75882 327.904907 111.046448 0. 0. 0.
 5 10 1073741820 T F 7.04962969 13.0545483 4.1841464 0.5 0.5 0. 1842.07324 0. 80088.8594 279.182831 297.490143 133.49176 0. 0. 0.
 6 10 1342177275 T F 17.8682327 11.2970409 12.0147524 0.5 0.5 0. 5757.37549 0. 48315.3086 260.375366 320.604492 132.091187 0. 0. 0.
 7 10 1610612730 T F 4.59536839 19.5495338 28.6800823 0.5 0.5 0. 14090.04 0. 13412.9912 198.681992 352.968353 127.059731 0. 0. 0.
 8 10 1879048185 T F 15.4139805 17.7920265 7.59754753 0.5 0.5 0. 3548.77344 0. 64693.6914 273.650177 309.955933 133.538315 0. 0. 0.
 1 11 0 T F 2.9591527 4.06555223 13.3102932 0.5 0.5 0. 6405.146 0. 44230.7383 255.66156 322.855682 145.02269 0. 0. 0.
 2 11 268435455 T F 13.7777662 2.30804539 21.1491871 0.5 0.5 0. 10324.5908 0. 24869.3945 224.158142 333.755646 143.088562 0. 0. 0.
 3 11 536870910 T F 9.50489616 6.56054783 8.91107941 0.5 0.5 0. 4205.53906 0. 59451.2266 269.501953 312.726563 147.504761 0. 0. 0.
 4 11 805306365 T F 11.3235044 8.80304623 16.4558048 0.5 0.5 0. 7977.90186 0. 35362.5313 243.55983 327.904907 121.936646 0. 0. 0.
 5 11 1073741820 T F 7.05062962 13.0555487 4.47602224 0.5 0.5 0. 1988.01123 0. 78658.6016 277.747437 297.490143 145.938004 0. 0. 0.
 6 11 1342177275 T F 17.8692322 11.2980413 12.3041363 0.5 0.5 0. 5902.06738 0. 47398.0508 258.95166 320.604492 144.69194 0. 0. 0.
 7 11 1610612730 T F 4.59636831 19.5505333 28.9575024 0.5 0.5 0. 14228.75 0. 13093.0742 197.314743 352.968353 138.709656 0. 0. 0.
 8 11 1879048185 T F 15.4149809 17.793026 7.8903141 0.5 0.5 0. 3695.15674 0. 63511.4102 272.210175 309.955933 146.383331 0. 0. 0.
 1 12 0 T F 2.96015263 4.06655216 13.6260014 0.5 0.5 0. 6563.00049 0. 43297.7461 254.107132 322.855682 157.854309 0. 0. 0.
 2 12 268435455 T F 13.7787666 2.30904531 21.4602089 0.5 0.5 0. 10480.1016 0. 24279.9609 222.625336 333.755646 155.510986 0. 0. 0.
 3 12 536870910 T F 9.50589657 6.56154776 9.23145676 0.5 0.5 0. 4365.72754 0. 58243.9883 267.924988 312.726563 160.188446 0. 0. 0.
 4 12 805306365 T F 11.3245049 8.80404663 16.7222424 0.5 0.5 0. 8111.12061 0. 34701.7383 242.249146 327.904907 133.218857 0. 0. 0.
 5 12 1073741820 T F 7.05162954 13.0565491 4.79290915 0.5 0.5 0. 2146.45459 0. 77125.6328 276.18811 297.490143 158.443375 0. 0. 0.
 6 12 1342177275 T F 17.8702316 11.2990417 12.6187401 0.5 0.5 0. 6059.36914 0. 46414.4063 257.402863 320.604492 157.301819 0. 0. 0.
 7 12 1610612730 T F 4.59736824 19.5515327 29.2578487 0.5 0.5 0. 14378.9229 0. 12752.6367 195.833298 352.968353 150.173111 0. 0. 0.
 8 12 1879048185 T F 15.4159813 17.7940254 8.20881748 0.5 0.5 0. 3854.40845 0. 62242.0234 270.642609 309.955933 159.251617 0. 0. 0.
 1 13 0 T F 2.96115255 4.06755209 13.9675512 0.5 0.5 0. 6733.77539 0. 42303.6328 252.424332 322.855682 170.774719 0. 0. 0.
 2 13 268435455 T F 13.779767 2.31004524 21.7961426 0.5 0.5 0. 10648.0684 0. 23654.127 220.968536 333.755646 167.966446 0. 0. 0.
 3 13 536870910 T F 9.50689697 6.56254768 9.57710266 0.5 0.5 0. 4538.55078 0. 56960.4688 266.222595 312.726563 172.82312 0. 0. 0.
 4 13 805306365 T F 11.3255053 8.80504704 17.0121555 0.5 0.5 0. 8256.07715 0. 33992.3398 240.822052 327.904907 144.956955 0. 0. 0.
 5 13 1073741820 T F 7.05262947 13.0575495 5.13493729 0.5 0.5 0. 2317.46875 0. 75494.125 274.504089 297.490143 171.014038 0. 0. 0.
 6 13 1342177275 T F 17.8712311 11.3000422 12.9585838 0.5 0.5 0. 6229.29102 0. 45367.6367 255.728714 320.604492 169.921661 0. 0. 0.
 7 13 1610612730 T F 4.59836817 19.5525322 29.5810223 0.5 0.5 0. 14540.5088 0. 12393.1514 194.238007 352.968353 161.586365 0. 0. 0.
 8 13 1879048185 T F 15.4169817 17.7950249 8.55291653 0.5 0.5 0. 4026.45801 0. 60890.25 268.948029 309.955933 172.049561 0. 0. 0.
 1 14 0 T F 2.96215248 4.06855202 14.3351383 0.5 0.5 0. 6917.56885 0. 41251.332 250.611984 322.855682 183.793365 0. 0. 0.
 2 14 268435455 T F 13.7807674 2.31104517 22.1570587 0.5 0.5 0. 10828.5264 0. 22994.168 219.187103 333.755646 180.45813 0. 0. 0.
 3 14 536870910 T F 9.50789738 6.56354761 9.94797134 0.5 0.5 0. 4723.98535 0. 55605.0234 264.394806 312.726563 185.434433 0. 0. 0.
 4 14 805306365 T F 11.3265057 8.80604744 17.3265667 0.5 0.5 0. 8413.2832 0. 33234.2539 239.273331 327.904907 157.205978 0. 0. 0.
 5 14 1073741820 T F 7.0536294 13.0585499 5.50207901 0.5 0.5 0. 2501.03955 0. 73769.3594 272.695282 297.490143 183.570923 0. 0. 0.
 6 14 1342177275 T F 17.8722305 11.3010426 13.3236885 0.5 0.5 0. 6411.84326 0. 44261.2227 253.928925 320.604492 182.552338 0. 0. 0.
 7 14 1610612730 T F 4.5993681 19.5535316 29.9269657 0.5 0.5 0. 14713.4805 0. 12016.1123 192.528915 352.968353 172.971893 0. 0. 0.
 8 14 1879048185 T F 15.4179821 17.7960243 8.92235088 0.5 0.5 0. 4211.17529 0. 59461.5195 267.127502 309.955933 184.717255 0. 0. 0.
 1 15 0 T F 2.96315241 4.06955194 14.7268429 0.5 0.5 0. 7113.4209 0. 40149.9766 248.679459 322.855682 195.852203 0. 0. 0.
 2 15 268435455 T F 13.7817678 2.3120451 22.5429516 0.5 0.5 0. 11021.4727 0. 22302.6504 217.280899 333.755646 192.946564 0. 0. 0.
 3 15 536870910 T F 9.50889778 6.56454754 10.3440123 0.5 0.5 0. 4922.00586 0. 54182.2578 262.441681 312.726563 198.02034 0. 0. 0.
 4 15 805306365 T F 11.3275061 8.80704784 17.6655712 0.5 0.5 0. 8582.78516 0. 32429.9336 237.602341 327.904907 169.501846 0. 0. 0.
 5 15 1073741820 T F 7.05462933 13.0595503 5.89402485 0.5 0.5 0. 2697.01245 0. 71958.1953 270.763062 297.490143 195.972931 0. 0. 0.
 6 15 1342177275 T F 17.87323 11.302043 13.7142324 0.5 0.5 0. 6607.11523 0. 43098.3984 252.002411 320.604492 195.272018 0. 0. 0.
 8 15 1879048185 T F 15.4189825 17.7970238 9.31684208 0.5 0.5 0. 4408.4209 0. 57961.5313 265.182281 309.955933 197.245361 0. 0. 0.
 1 16 0 T F 2.96415234 4.07055187 15.1406212 0.5 0.5 0. 7320.31006 0. 39008.8164 246.636719 322.855682 206.889359 0. 0. 0.
 2 16 268435455 T F 13.7827682 2.31304502 22.9536953 0.5 0.5 0. 11226.8447 0. 21582.4746 215.25029 333.755646 205.371765 0. 0. 0.
 3 16 536870910 T F 9.50989819 6.56554747 10.7649879 0.5 0.5 0. 5132.49365 0. 52697.6406 260.364197 312.726563 210.48793 0. 0. 0.
 4 16 805306365 T F 11.3285065 8.80804825 18.0292702 0.5 0.5 0. 8764.63477 0. 31581.9844 235.808334 327.904907 181.849121 0. 0. 0.
 5 16 1073741820 T F 7.05562925 13.0605507 6.31044531 0.5 0.5 0. 2905.22266 0. 70067.7813 268.708893 297.490143 208.210297 0. 0. 0.
 6 16 1342177275 T F 17.8742294 11.3030434 14.1304331 0.5 0.5 0. 6815.21533 0. 41882.5156 249.947891 320.604492 208.100082 0. 0. 0.
 8 16 1879048185 T F 15.4199829 17.7980232 9.73628616 0.5 0.5 0. 4618.14307 0. 56395.4922 263.11264 309.955933 209.722092 0. 0. 0.
 1 17 0 T F 2.96515226 4.0715518 15.5751638 0.5 0.5 0. 7537.58105 0. 37834.8125 244.490189 322.855682 217.271118 0. 0. 0.
 2 17 268435455 T F 13.7837687 2.31404495 23.3891525 0.5 0.5 0. 11444.5732 0. 20836.6504 213.095688 333.755646 217.72879 0. 0. 0.
 3 17 536870910 T F 9.51089859 6.56654739 11.210618 0.5 0.5 0. 5355.30859 0. 51156.9414 258.163544 312.726563 222.815094 0. 0. 0.
 4 17 805306365 T F 11.3295069 8.80904865 18.417778 0.5 0.5 0. 8958.88867 0. 30693.1641 233.890564 327.904907 194.254242 0. 0. 0.
 5 17 1073741820 T F 7.05662918 13.0615511 6.75118017 0.5 0.5 0. 3125.59009 0. 68104.6563 266.533417 297.490143 220.367355 0. 0. 0.
 6 17 1342177275 T F 17.8752289 11.3040438 14.5716791 0.5 0.5 0. 7035.83838 0. 40619.5352 247.768188 320.604492 220.62294 0. 0. 0.
 8 17 1879048185 T F 15.4209833 17.7990227 10.180625 0.5 0.5 0. 4840.3125 0. 54768.6367 260.918701 309.955933 222.169189 0. 0. 0.
 1 18 0 T F 2.96615219 4.07255173 16.0304413 0.5 0.5 0. 7765.21973 0. 36631.332 242.239807 322.855682 227.638428 0. 0. 0.
 2 18 268435455 T F 13.7847691 2.31504488 23.8489971 0.5 0.5 0. 11674.4951 0. 20068.5859 210.818527 333.755646 229.922089 0. 0. 0.
 3 18 536870910 T F 9.51189899 6.56754732 11.6807194 0.5 0.5 0. 5590.35889 0. 49565.707 255.840515 312.726563 235.050522 0. 0. 0.
 4 18 805306365 T F 11.3305073 8.81004906 18.8312626 0.5 0.5 0. 9165.63086 0. 29766.2871 231.847946 327.904907 206.742569 0. 0. 0.
 5 18 1073741820 T F 7.05762911 13.0625515 7.21612597 0.5 0.5 0. 3358.06299 0. 66075.2891 264.236938 297.490143 232.472916 0. 0. 0.
 6 18 1342177275 T F 17.8762283 11.3050442 15.0355625 0.5 0.5 0. 7267.78027 0. 39320.4688 245.475143 320.604492 231.941803 0. 0. 0.
 8 18 1879048185 T F 15.4219837 17.8000221 10.6496992 0.5 0.5 0. 5074.84961 0. 53086.7305 258.601074 309.955933 234.537109 0. 0. 0.
 1 19 0 T F 2.96715212 4.07355165 16.5065136 0.5 0.5 0. 8003.25537 0. 35401.5938 239.885132 322.855682 238.035873 0. 0. 0.
 2 19 268435455 T F 13.7857695 2.31604481 24.332859 0.5 0.5 0. 11916.4258 0. 19281.7891 208.420349 333.755646 241.930954 0. 0. 0.
 3 19 536870910 T F 9.5128994 6.56854725 12.175231 0.5 0.5 0. 5837.61475 0. 47929.1836 253.395111 312.726563 247.255844 0. 0. 0.
 4 19 805306365 T F 11.3315077 8.81104946 19.269907 0.5 0.5 0. 9384.95215 0. 28804.3066 229.679398 327.904907 219.321762 0. 0. 0.
 5 19 1073741820 T F 7.05862904 13.0635519 7.70525026 0.5 0.5 0. 3602.625 0. 63986.0039 261.819427 297.490143 244.562073 0. 0. 0.
 6 19 1342177275 T F 17.8772278 11.3060446 15.520009 0.5 0.5 0. 7510.00342 0. 37994.9375 243.078903 320.604492 242.223068 0. 0. 0.
 8 19 1879048185 T F 15.4229841 17.8010216 11.1431961 0.5 0.5 0. 5321.59814 0. 51356.2227 256.161072 309.955933 246.748383 0. 0. 0.
 1 20 0 T F 2.96815205 4.07455158 17.0048599 0.5 0.5 0. 8252.42871 0. 34145.3203 237.418549 322.855682 249.173492 0. 0. 0.
 2 20 268435455 T F 13.7867699 2.31704473 24.8405209 0.5 0.5 0. 12170.2559 0. 18479.5313 205.902008 333.755646 253.83049 0. 0. 0.
 3 20 536870910 T F 9.5138998 6.56954718 12.6941195 0.5 0.5 0. 6097.05859 0. 46252.6641 250.827332 312.726563 259.444061 0. 0. 0.
 4 20 805306365 T F 11.3325081 8.81204987 19.7335415 0.5 0.5 0. 9616.76855 0. 27811.0918 227.385468 327.904907 231.816833 0. 0. 0.
 5 20 1073741820 T F 7.05962896 13.0645523 8.21861172 0.5 0.5 0. 3859.30591 0. 61842.918 259.280365 297.490143 256.680878 0. 0. 0.
 6 20 1342177275 T F 17.8782272 11.307045 16.0249825 0.5 0.5 0. 7762.49072 0. 36646.6563 240.579514 320.604492 252.487167 0. 0. 0.
 8 20 1879048185 T F 15.4239845 17.802021 11.6608629 0.5 0.5 0. 5580.43115 0. 49583.4102 253.599777 309.955933 258.833191 0. 0. 0.
 1 21 0 T F 2.96915197 4.07555151 17.5272121 0.5 0.5 0. 8513.60547 0. 32862.0625 234.831131 322.855682 261.176514 0. 0. 0.
 2 21 268435455 T F 13.7877703 2.31804466 25.37183 0.5 0.5 0. 12435.9102 0. 17664.9941 203.263916 333.755646 265.654572 0. 0. 0.
 3 21 536870910 T F 9.51490021 6.5705471 13.2374058 0.5 0.5 0. 6368.70166 0. 44541.375 248.136826 312.726563 271.64325 0. 0. 0.
 4 21 805306365 T F 11.3335085 8.81305027 20.2217484 0.5 0.5 0. 9860.87207 0. 26791.1133 224.968018 327.904907 244.103058 0. 0. 0.
 5 21 1073741820 T F 7.06062889 13.0655527 8.75608158 0.5 0.5 0. 4128.04102 0. 59653.1016 256.620209 297.490143 268.735138 0. 0. 0.
 6 21 1342177275 T F 17.8792267 11.3080454 16.5505219 0.5 0.5 0. 8025.26074 0. 35279.1953 237.976578 320.604492 262.770081 0. 0. 0.
 8 21 1879048185 T F 15.4249849 17.8030205 12.20263 0.5 0.5 0. 5851.31445 0. 47774.0156 250.917267 309.955933 270.883423 0. 0. 0.
 1 22 0 T F 2.9701519 4.07655144 18.073719 0.5 0.5 0. 8786.8584 0. 31555.6875 232.121933 322.855682 273.252991 0. 0. 0.
 2 22 268435455 T F 13.7887707 2.31904459 25.9267292 0.5 0.5 0. 12713.3594 0. 16841.2344 200.506119 333.755646 277.449554 0. 0. 0.
 3 22 536870910 T F 9.51590061 6.57154703 13.8052244 0.5 0.5 0. 6652.61084 0. 42800.3086 245.322662 312.726563 283.909149 0. 0. 0.
 4 22 805306365 T F 11.3345089 8.81405067 20.7342663 0.5 0.5 0. 10117.1309 0. 25748.5273 222.428085 327.904907 256.258514 0. 0. 0.
 5 22 1073741820 T F 7.06162882 13.0665531 9.31725502 0.5 0.5 0. 4408.62744 0. 57424.8086 253.840759 297.490143 280.586517 0. 0. 0.
 6 22 1342177275 T F 17.8802261 11.3090458 17.0982552 0.5 0.5 0. 8299.12793 0. 33892.1602 235.261734 320.604492 273.866852 0. 0. 0.
 8 22 1879048185 T F 15.4259853 17.8040199 12.7684584 0.5 0.5 0. 6134.22852 0. 45933.7578 248.113571 309.955933 282.914154 0. 0. 0.
 1 23 0 T F 2.97115183 4.07755136 18.6445446 0.5 0.5 0. 9072.27148 0. 30230.1328 229.289825 322.855682 285.412659 0. 0. 0.
 2 23 268435455 T F 13.7897711 2.32004452 26.5052013 0.5 0.5 0. 13002.5957 0. 16011.2646 197.628311 333.755646 289.236511 0. 0. 0.
 3 23 536870910 T F 9.51690102 6.57254696 14.397871 0.5 0.5 0. 6948.93408 0. 41034.1172 242.383072 312.726563 296.323059 0. 0. 0.
 4 23 805306365 T F 11.3355093 8.81505108 21.2710419 0.5 0.5 0. 10385.5186 0. 24687.1035 219.765656 327.904907 268.387909 0. 0. 0.
 5 23 1073741820 T F 7.06262875 13.0675535 9.90189552 0.5 0.5 0. 4700.94727 0. 55165.582 250.942963 297.490143 292.320007 0. 0. 0.
 6 23 1342177275 T F 17.8812256 11.3100462 17.6697788 0.5 0.5 0. 8584.88965 0. 32485.7402 232.426682 320.604492 285.761871 0. 0. 0.
 8 23 1879048185 T F 15.4269857 17.8050194 13.3583679 0.5 0.5 0. 6429.18311 0. 44068.2383 245.188263 309.955933 294.954742 0. 0. 0.
 1 24 0 T F 2.97215176 4.07855129 19.2399235 0.5 0.5 0. 9369.96094 0. 28889.2754 226.333313 322.855682 297.689697 0. 0. 0.
 2 24 268435455 T F 13.7907715 2.32104445 27.1069355 0.5 0.5 0. 13303.4629 0. 15178.5137 194.631744 333.755646 300.867462 0. 0. 0.
 3 24 536870910 T F 9.51790142 6.57354689 15.0132303 0.5 0.5 0. 7256.61328 0. 39254.5938 239.328476 312.726563 307.679413 0. 0. 0.
 4 24 805306365 T F 11.3365097 8.81605148 21.8320999 0.5 0.5 0. 10666.0479 0. 23610.5117 216.980362 327.904907 280.529114 0. 0. 0.
 5 24 1073741820 T F 7.06362867 13.0685539 10.5099049 0.5 0.5 0. 5004.95215 0. 52882.418 247.927032 297.490143 304.004852 0. 0. 0.
 6 24 1342177275 T F 17.882225 11.3110466 18.2652493 0.5 0.5 0. 8882.625 0. 31064.0664 229.470367 320.604492 297.735474 0. 0. 0.
 8 24 1879048185 T F 15.4279861 17.8060188 13.9725447 0.5 0.5 0. 6736.27148 0. 42182.625 242.140182 309.955933 307.08847 0. 0. 0.
 1 25 0 T F 2.97315168 4.07955122 19.8597908 0.5 0.5 0. 9679.89453 0. 27537.7637 223.252441 322.855682 309.933563 0. 0. 0.
 2 25 268435455 T F 13.7917719 2.32204437 27.7315502 0.5 0.5 0. 13615.7695 0. 14346.4434 191.517975 333.755646 312.306885 0. 0. 0.
 3 25 536870910 T F 9.51890182 6.57454681 15.6483793 0.5 0.5 0. 7574.18799 0. 37475.0625 236.17334 312.726563 317.574554 0. 0. 0.
 4 25 805306365 T F 11.3375101 8.81705189 22.4175491 0.5 0.5 0. 10958.7725 0. 22522.3164 214.07132 327.904907 292.724426 0. 0. 0.
 5 25 1073741820 T F 7.0646286 13.0695543 11.1409264 0.5 0.5 0. 5320.46289 0. 50583.2852 244.794571 297.490143 315.51062 0. 0. 0.
 6 25 1342177275 T F 17.8832245 11.312047 18.8848648 0.5 0.5 0. 9192.43359 0. 29631.2578 226.391495 320.604492 309.808167 0. 0. 0.
 8 25 1879048185 T F 15.4289865 17.8070183 14.6113052 0.5 0.5 0. 7055.65137 0. 40281.8203 238.967422 309.955933 319.380035 0. 0. 0.
 1 26 0 T F 2.97415161 4.08055115 20.5035877 0.5 0.5 0. 10001.793 0. 26181.2832 220.049683 322.855682 321.89801 0. 0. 0.
 2 26 268435455 T F 13.7927723 2.3230443 28.3785896 0.5 0.5 0. 13939.29 0. 13518.5029 188.288956 333.755646 323.520081 0. 0. 0.
 3 26 536870910 T F 9.51990223 6.57554674 16.3032627 0.5 0.5 0. 7901.62988 0. 35700.0195 232.917725 312.726563 327.441895 0. 0. 0.
 4 26 805306365 T F 11.3385105 8.81805229 23.0272808 0.5 0.5 0. 11263.6377 0. 21426.5293 211.038712 327.904907 304.865387 0. 0. 0.
 5 26 1073741820 T F 7.06562853 13.0705547 11.7946081 0.5 0.5 0. 5647.30371 0. 48275.9805 241.547043 297.490143 326.841064 0. 0. 0.
 6 26 1342177275 T F 17.8842239 11.3130474 19.5288792 0.5 0.5 0. 9514.44043 0. 28191.4023 223.188461 320.604492 322.007141 0. 0. 0.
 8 26 1879048185 T F 15.429987 17.8080177 15.2713804 0.5 0.5 0. 7385.68896 0. 38381.1914 235.686218 309.955933 330.037598 0. 0. 0.
 1 27 0 T F 2.97515154 4.08155107 21.1711292 0.5 0.5 0. 10335.5635 0. 24824.5898 216.725662 322.855682 333.770721 0. 0. 0.
 2 27 268435455 T F 13.7937727 2.32404423 29.0473499 0.5 0.5 0. 14273.6699 0. 12698.3262 184.947815 333.755646 334.380066 0. 0. 0.
 3 27 536870910 T F 9.52090263 6.57654667 16.9787292 0.5 0.5 0. 8239.36328 0. 33931.5313 229.557068 312.726563 337.733032 0. 0. 0.
 4 27 805306365 T F 11.3395109 8.8190527 23.6610718 0.5 0.5 0. 11580.5332 0. 20327.3516 207.883347 327.904907 316.89502 0. 0. 0.
 5 27 1073741820 T F 7.06662846 13.0715551 12.4708462 0.5 0.5 0. 5985.42285 0. 45967.3047 238.184692 297.490143 338.119202 0. 0. 0.
 6 27 1342177275 T F 17.8852234 11.3140478 20.1968613 0.5 0.5 0. 9848.43164 0. 26750.1387 219.863098 320.604492 333.991272 0. 0. 0.
 8 27 1879048185 T F 15.4309874 17.8090172 15.9509306 0.5 0.5 0. 7725.46387 0. 36490.8555 232.305634 309.955933 339.774933 0. 0. 0.
 1 28 0 T F 2.97615147 4.082551 21.8623867 0.5 0.5 0. 10681.1924 0. 23472.0664 213.280106 322.855682 345.628998 0. 0. 0.
 2 28 268435455 T F 13.7947731 2.32504416 29.7369938 0.5 0.5 0. 14618.4922 0. 11889.5 181.498413 333.755646 344.821808 0. 0. 0.
 3 28 536870910 T F 9.52190304 6.5775466 17.6769867 0.5 0.5 0. 8588.49219 0. 32168.4961 226.079926 312.726563 349.128448 0. 0. 0.
 4 28 805306365 T F 11.3405113 8.8200531 24.3184109 0.5 0.5 0. 11909.2021 0. 19229.4004 204.607452 327.904907 328.669128 0. 0. 0.
 5 28 1073741820 T F 7.06762838 13.0725555 13.1696072 0.5 0.5 0. 6334.80371 0. 43663.7578 234.707397 297.490143 349.380646 0. 0. 0.
 6 28 1342177275 T F 17.8862228 11.3150482 20.8883648 0.5 0.5 0. 10194.1836 0. 25312.9922 216.417282 320.604492 345.751709 0. 0. 0.
 8 28 1879048185 T F 15.4319878 17.8100166 16.6498909 0.5 0.5 0. 8074.94385 0. 34615.3867 228.825668 309.955933 349.480072 0. 0. 0.
 1 29 0 T F 2.97715139 4.08355093 22.5774822 0.5 0.5 0. 11038.7393 0. 22127.7617 209.712006 322.855682 357.547272 0. 0. 0.
 3 29 536870910 T F 9.52290344 6.57854652 18.3982754 0.5 0.5 0. 8949.13672 0. 30415.377 222.48465 312.726563 360.644714 0. 0. 0.
 4 29 805306365 T F 11.3415117 8.8210535 24.9989262 0.5 0.5 0. 12249.46 0. 18136.916 201.212479 327.904907 340.25769 0. 0. 0.
 5 29 1073741820 T F 7.06862831 13.0735559 13.8909655 0.5 0.5 0. 6695.48291 0. 41371.4219 231.114471 297.490143 360.679047 0. 0. 0.
 6 29 1342177275 T F 17.8872223 11.3160486 21.6033058 0.5 0.5 0. 10551.6533 0. 23884.5781 212.851105 320.604492 357.470154 0. 0. 0.
 8 29 1879048185 T F 15.4329882 17.8110161 17.3701973 0.5 0.5 0. 8435.09766 0. 32754.0918 225.236282 309.955933 360.153351 0. 0. 0.
 1 30 0 T F 2.97815132 4.08455086 23.3162346 0.5 0.5 0. 11408.1152 0. 20796.2441 206.021881 322.855682 369.376465 0. 0. 0.
 3 30 536870910 T F 9.52390385 6.57954645 19.1428242 0.5 0.5 0. 9321.41113 0. 28676.6992 218.76976 312.726563 372.274109 0. 0. 0.
 4 30 805306365 T F 11.3425121 8.82205391 25.7024059 0.5 0.5 0. 12601.2002 0. 17053.7539 197.699142 327.904907 351.740112 0. 0. 0.
 5 30 1073741820 T F 7.06962824 13.0745564 14.6352453 0.5 0.5 0. 7067.62305 0. 39095.5781 227.4039 297.490143 372.139893 0. 0. 0.
 6 30 1342177275 T F 17.8882217 11.317049 22.3417683 0.5 0.5 0. 10920.8848 0. 22469.1016 209.163681 320.604492 369.230988 0. 0. 0.
 8 30 1879048185 T F 15.4339886 17.8120155 18.1131191 0.5 0.5 0. 8806.55859 0. 30908.6367 221.53064 309.955933 371.460968 0. 0. 0.
 1 31 0 T F 2.97915125 4.08555079 24.0782394 0.5 0.5 0. 11789.1182 0. 19482.3438 202.211319 322.855682 381.002502 0. 0. 0.
 3 31 536870910 T F 9.52490425 6.58054638 19.9107285 0.5 0.5 0. 9705.36328 0. 26957.2773 214.934311 312.726563 383.952026 0. 0. 0.
 4 31 805306365 T F 11.3435125 8.82305431 26.4288177 0.5 0.5 0. 12964.4063 0. 15983.3916 194.067139 327.904907 363.205627 0. 0. 0.
 5 31 1073741820 T F 7.07062817 13.0755568 15.3992376 0.5 0.5 0. 7449.61914 0. 36851.9453 223.59166 297.490143 381.995941 0. 0. 0.
 6 31 1342177275 T F 17.8892212 11.3180494 23.1036968 0.5 0.5 0. 11301.8496 0. 21070.9727 205.354843 320.604492 380.964539 0. 0. 0.
 8 31 1879048185 T F 15.434989 17.813015 18.8788452 0.5 0.5 0. 9189.42188 0. 29083.6777 217.707397 309.955933 382.863403 0. 0. 0.
 1 32 0 T F 2.98015118 4.08655071 24.8629189 0.5 0.5 0. 12181.457 0. 18190.9434 198.282761 322.855682 392.339325 0. 0. 0.
 3 32 536870910 T F 9.52590466 6.58154631 20.7012978 0.5 0.5 0. 10100.6475 0. 25263.5508 210.98143 312.726563 395.284363 0. 0. 0.
 4 32 805306365 T F 11.3445129 8.82405472 27.1778793 0.5 0.5 0. 13338.9365 0. 14929.5693 190.317413 327.904907 374.530487 0. 0. 0.
 5 32 1073741820 T F 7.07162809 13.0765572 16.1812649 0.5 0.5 0. 7840.63281 0. 34650.2344 219.686005 297.490143 391.013855 0. 0. 0.
 6 32 1342177275 T F 17.8902206 11.3190498 23.888773 0.5 0.5 0. 11694.3877 0. 19694.9551 201.425766 320.604492 392.537842 0. 0. 0.
 8 32 1879048185 T F 15.4359894 17.8140144 19.6676502 0.5 0.5 0. 9583.8252 0. 27283.6484 213.764709 309.955933 394.402954 0. 0. 0.
 1 33 0 T F 2.9811511 4.08755064 25.6700191 0.5 0.5 0. 12585.0068 0. 16926.1191 194.237045 322.855682 403.549896 0. 0. 0.
 3 33 536870910 T F 9.52690506 6.58254623 21.5143509 0.5 0.5 0. 10507.1748 0. 23600.5098 206.91153 312.726563 406.526947 0. 0. 0.
 4 33 805306365 T F 11.3455133 8.82505512 27.9491024 0.5 0.5 0. 13724.5479 0. 13896.1377 186.45195 327.904907 385.611603 0. 0. 0.
 5 33 1073741820 T F 7.07262802 13.0775576 16.9817333 0.5 0.5 0. 8240.86719 0. 32493.5742 215.684494 297.490143 400.23468 0. 0. 0.
 6 33 1342177275 T F 17.8912201 11.3200502 24.6963596 0.5 0.5 0. 12098.1807 0. 18346.1113 197.379181 320.604492 403.79306 0. 0. 0.
 8 33 1879048185 T F 15.4369898 17.8150139 20.4789791 0.5 0.5 0. 9989.48926 0. 25514.7754 209.704956 309.955933 405.664185 0. 0. 0.
 1 34 0 T F 2.98215103 4.08855057 26.4994526 0.5 0.5 0. 12999.7236 0. 15691.4805 190.073959 322.855682 414.71637 0. 0. 0.
 3 34 536870910 T F 9.52790546 6.58354616 22.3499146 0.5 0.5 0. 10924.957 0. 21972.5273 202.723938 312.726563 417.781921 0. 0. 0.
 4 34 805306365 T F 11.3465137 8.82605553 28.7419243 0.5 0.5 0. 14120.958 0. 12886.8027 182.473129 327.904907 396.410461 0. 0. 0.
 5 34 1073741820 T F 7.07362795 13.078558 17.8030357 0.5 0.5 0. 8651.51855 0. 30380.0117 211.574493 297.490143 410.651154 0. 0. 0.
 6 34 1342177275 T F 17.8922195 11.3210506 25.5261402 0.5 0.5 0. 12513.0703 0. 17028.6465 193.216156 320.604492 414.889832 0. 0. 0.
 8 34 1879048185 T F 15.4379902 17.8160133 21.3124599 0.5 0.5 0. 10406.2295 0. 23782.5195 205.529541 309.955933 416.740692 0. 0. 0.
 1 35 0 T F 2.98315096 4.0895505 27.3508816 0.5 0.5 0. 13425.4385 0. 14490.8115 185.794693 322.855682 425.714691 0. 0. 0.
 3 35 536870910 T F 9.52890587 6.58454609 23.2079239 0.5 0.5 0. 11353.9619 0. 20383.9785 198.418503 312.726563 429.005005 0. 0. 0.
 4 35 805306365 T F 11.3475142 8.82705593 29.555315 0.5 0.5 0. 14527.6533 0. 11905.5557 178.38562 327.904907 406.694946 0. 0. 0.
 5 35 1073741820 T F 7.07462788 13.0795584 18.6453781 0.5 0.5 0. 9072.69043 0. 28313.9336 207.354507 297.490143 421.171539 0. 0. 0.
 6 35 1342177275 T F 17.893219 11.322051 26.3779755 0.5 0.5 0. 12938.9873 0. 15746.2412 188.936813 320.604492 425.917389 0. 0. 0.
 8 35 1879048185 T F 15.4389906 17.8170128 22.1680527 0.5 0.5 0. 10834.0254 0. 22091.3633 201.238159 309.955933 427.796387 0. 0. 0.
 1 36 0 T F 2.98415089 4.09055042 28.223732 0.5 0.5 0. 13861.8643 0. 13327.9375 181.401505 322.855682 436.425415 0. 0. 0.
 3 36 536870910 T F 9.52990627 6.58554602 24.0879669 0.5 0.5 0. 11793.9834 0. 18839.6367 193.996704 312.726563 440.021393 0. 0. 0.
 5 36 1073741820 T F 7.0756278 13.0805588 19.5089893 0.5 0.5 0. 9504.49609 0. 26299.5684 203.022858 297.490143 431.80545 0. 0. 0.
 6 36 1342177275 T F 17.8942184 11.3230515 27.2515907 0.5 0.5 0. 13375.7949 0. 14502.5449 184.541901 320.604492 436.807983 0. 0. 0.
 8 36 1879048185 T F 15.439991 17.8180122 23.0457783 0.5 0.5 0. 11272.8887 0. 20445.4609 196.830093 309.955933 438.862946 0. 0. 0.
 1 37 0 T F 2.98515081 4.09155035 29.1172256 0.5 0.5 0. 14308.6113 0. 12206.5742 176.897766 322.855682 446.746643 0. 0. 0.
 3 37 536870910 T F 9.53090668 6.58654594 24.9893684 0.5 0.5 0. 12244.6846 0. 17344.332 189.461334 312.726563 450.700745 0. 0. 0.
 5 37 1073741820 T F 7.07662773 13.0815592 20.3935204 0.5 0.5 0. 9946.76074 0. 24342.3027 198.580734 297.490143 442.265106 0. 0. 0.
 6 37 1342177275 T F 17.8952179 11.3240519 28.1464062 0.5 0.5 0. 13823.2031 0. 13301.3428 180.033752 320.604492 447.40802 0. 0. 0.
 8 37 1879048185 T F 15.4409914 17.8190117 23.9452839 0.5 0.5 0. 11722.6416 0. 18849.4258 192.306534 309.955933 449.752472 0. 0. 0.
 3 38 536870910 T F 9.53190708 6.58754587 25.9118156 0.5 0.5 0. 12705.9082 0. 15901.8447 184.81337 312.726563 461.223969 0. 0. 0.
 5 38 1073741820 T F 7.07762766 13.0825596 21.2984581 0.5 0.5 0. 10399.2295 0. 22447.4453 194.030243 297.490143 452.469177 0. 0. 0.
 6 38 1342177275 T F 17.8962173 11.3250523 29.0616722 0.5 0.5 0. 14280.8359 0. 12146.2354 175.415466 320.604492 457.63327 0. 0. 0.
 8 38 1879048185 T F 15.4419918 17.8200111 24.8658352 0.5 0.5 0. 12182.918 0. 17308.1309 187.670593 309.955933 460.27594 0. 0. 0.
 3 39 536870910 T F 9.53290749 6.5885458 26.8552132 0.5 0.5 0. 13177.6074 0. 14515.2725 180.052505 312.726563 471.699158 0. 0. 0.
 5 39 1073741820 T F 7.07862759 13.08356 22.223711 0.5 0.5 0. 10861.8555 0. 20618.9629 189.371201 297.490143 462.626038 0. 0. 0.
 6 39 1342177275 T F 17.8972168 11.3260527 29.9962482 0.5 0.5 0. 14748.124 0. 11040.8291 170.6922 320.604492 467.288269 0. 0. 0.
 8 39 1879048185 T F 15.4429922 17.8210106 25.807085 0.5 0.5 0. 12653.543 0. 15825.2988 182.92334 309.955933 470.624756 0. 0. 0.
 3 40 536870910 T F 9.53390789 6.58954573 27.8190022 0.5 0.5 0. 13659.502 0. 13188.0576 175.180786 312.726563 481.894348 0. 0. 0.
 5 40 1073741820 T F 7.07962751 13.0845604 23.1692352 0.5 0.5 0. 11334.6172 0. 18860.3965 184.603088 297.490143 472.761871 0. 0. 0.
 8 40 1879048185 T F 15.4439926 17.82201 26.7688942 0.5 0.5 0. 13134.4473 0. 14403.9365 178.064667 309.955933 480.904663 0. 0. 0.
 3 41 536870910 T F 9.53490829 6.59054565 28.8024769 0.5 0.5 0. 14151.2393 0. 11923.3486 170.201019 312.726563 491.737244 0. 0. 0.
 5 41 1073741820 T F 7.08062744 13.0855608 24.1345749 0.5 0.5 0. 11817.2871 0. 17175.6855 179.727493 297.490143 482.669952 0. 0. 0.
 8 41 1879048185 T F 15.444993 17.8230095 27.7507439 0.5 0.5 0. 13625.3721 0. 13047.2432 173.096405 309.955933 490.924683 0. 0. 0.
 3 42 536870910 T F 9.5359087 6.59154558 29.804451 0.5 0.5 0. 14652.2256 0. 10724.332 165.118439 312.726563 500.986603 0. 0. 0.
 5 42 1073741820 T F 7.08162737 13.0865612 25.1190014 0.5 0.5 0. 12309.5 0. 15568.6846 174.747406 297.490143 492.213226 0. 0. 0.
 8 42 1879048185 T F 15.4459934 17.8240089 28.7519207 0.5 0.5 0. 14125.9609 0. 11758.1777 168.021317 309.955933 500.588654 0. 0. 0.
 5 43 1073741820 T F 7.0826273 13.0875616 26.1221619 0.5 0.5 0. 12811.0801 0. 14042.0156 169.663712 297.490143 501.580414 0. 0. 0.
 8 43 1879048185 T F 15.4469938 17.8250084 29.7712574 0.5 0.5 0. 14635.6289 0. 10539.6758 162.844482 309.955933 509.66803 0. 0. 0.
 5 44 1073741820 T F 7.08362722 13.088562 27.1438351 0.5 0.5 0. 13321.916 0. 12597.623 164.476563 297.490143 510.836121 0. 0. 0.
 5 45 1073741820 T F 7.08462715 13.0895624 28.1833248 0.5 0.5 0. 13841.6611 0. 11237.625 159.188461 297.490143 519.7453 0. 0. 0.
 5 46 1073741820 T F 7.08562708 13.0905628 29.2397461 0.5 0.5 0. 14369.8721 0. 9963.73047 153.802841 297.490143 528.210938 0. 0. 0.
