 20 30 20 1 1
 1 0 0 T F 5.11276817 15.5091267 11.5201359 0.5 0.5 0. 5691.23584 181.16777 48569.5117 244.007675 300. 0. 5.271018017E-4 0.
 1 1 0 T F 5.16276836 15.5591269 11.5201359 0.5 0.5 0. 5691.67725 181.609192 48566.5078 244.003845 198.459183 -7.910792192E-5 5.268965615E-4 2.052402124E-7
 1 2 0 T F 5.21276855 15.609127 11.5201359 0.5 0.5 0. 5691.98389 181.916061 48564.4219 162.725708 132.350433 -1.511648297E-4 9.895302355E-10 5.271008122E-4
 1 3 0 T F 5.26276875 15.6591272 11.5168686 0.5 0.5 0. 5690.52295 182.088409 48579.3164 107.654617 87.5668945 -1.63346696 0. 5.271018017E-4
 1 4 0 T F 5.31276894 15.7091274 11.5081215 0.5 0.5 0. 5686.18701 182.126236 48646.1563 71.2554474 57.982399 -4.3735714 5.392138422E-33 5.271018017E-4
 1 5 0 T F 5.36276913 15.7591276 11.4924307 0.5 0.5 0. 5678.24512 182.029526 48831.3906 47.2330971 38.4765968 -7.84532499 0. 5.271018017E-4
 1 6 0 T F 5.41276932 15.8091278 11.4688311 0.5 0.5 0. 5666.21387 181.798264 49256.3281 31.4212399 25.659605 -11.7999983 0. 5.271018017E-4
 1 7 0 T F 5.46276951 15.859128 11.4366856 0.5 0.5 0. 5649.77539 181.43248 50136.6875 21.0609245 17.2864132 -16.0725384 0. 5.271018017E-4
 1 8 0 T F 5.5127697 15.9091282 11.3955793 0.5 0.5 0. 5628.72168 180.932159 51848.9453 14.3253183 11.8714476 -20.5533333 0. 5.271018017E-4
 1 9 0 T F 5.56276989 15.9591284 11.3452406 0.5 0.5 0. 5602.91748 180.297302 55039.6875 10.0074224 8.43608189 -25.1694946 0. 5.271018017E-4
 1 10 0 T F 5.61277008 16.0091286 11.2854958 0.5 0.5 0. 5572.3335 179.585938 60786.2461 6.00388575 5.20701075 -29.8724136 5.271018017E-4 0.
 1 11 0 T F 5.66277027 16.0591278 11.2161846 0.5 0.5 0. 5537.09814 179.006271 72973.7344 4.75823975 5.20701075 -34.6556473 5.271018017E-4 0.
 1 12 0 T F 5.71277046 16.109127 11.1372566 0.5 0.5 0. 5496.93115 178.303009 94019.0234 5.1159544 5.20701075 -39.4639282 5.271018017E-4 0.
 1 13 0 T F 5.76277065 16.1591263 11.0487261 0.5 0.5 0. 5451.83887 177.476105 122329.875 5.51604462 5.20701075 -44.2652206 5.271018017E-4 0.
 1 14 0 T F 5.81277084 16.2091255 10.9506083 0.5 0.5 0. 5401.82959 176.525574 160219.328 5.95865917 5.20701075 -49.0587273 5.271018017E-4 0.
 1 15 0 T F 5.86277103 16.2591248 10.8429213 0.5 0.5 0. 5346.91162 175.451431 210667.172 6.44400024 5.20701075 -53.8436508 5.271018017E-4 0.
 1 16 0 T F 5.91277122 16.309124 10.7256832 0.5 0.5 0. 5287.09473 174.253677 277475.219 6.97229528 5.20701075 -58.6192017 5.271018017E-4 0.
 1 17 0 T F 5.96277142 16.3591232 10.5989141 0.5 0.5 0. 5222.38867 172.932266 365449.594 7.54378176 5.20701075 -63.384594 5.271018017E-4 0.
 1 18 0 T F 6.01277161 16.4091225 10.462636 0.5 0.5 0. 5152.78662 171.469223 480642. 8.15883636 5.20701075 -68.1390533 5.271018017E-4 0.
 1 19 0 T F 6.0627718 16.4591217 10.3168726 0.5 0.5 0. 5078.26758 169.832092 630618.563 8.81794167 5.20701075 -72.8818054 5.271018017E-4 0.
 1 20 0 T F 6.11277199 16.5091209 10.1616488 0.5 0.5 0. 4998.89795 168.074738 824535.563 9.52086544 5.20701075 -77.6120834 5.271018017E-4 0.
 1 21 0 T F 6.16277218 16.5591202 9.9969902 0.5 0.5 0. 4914.69141 166.197113 1073675.38 10.2677841 5.20701075 -82.3291321 5.271018017E-4 0.
 1 22 0 T F 6.21277237 16.6091194 9.82292557 0.5 0.5 0. 4825.66113 164.199249 1391726. 11.0588455 5.20701075 -87.0322113 5.271018017E-4 0.
 1 23 0 T F 6.26277256 16.6591187 9.63948441 0.5 0.5 0. 4731.82227 162.0811 1795175.63 11.8941755 5.20701075 -91.7205887 5.271018017E-4 0.
 1 24 0 T F 6.31277275 16.7091179 9.44669724 0.5 0.5 0. 4633.19043 159.842728 2303748.5 12.7738638 5.20701075 -96.3935547 5.271018017E-4 0.
 1 25 0 T F 6.36277294 16.7591171 9.24459648 0.5 0.5 0. 4529.78125 157.484116 2940887.5 13.6979866 5.20701075 -101.050407 5.271018017E-4 0.
 1 26 0 T F 6.41277313 16.8091164 9.03321552 0.5 0.5 0. 4421.61182 155.005234 3734281.75 14.666585 5.20701075 -105.69046 5.271018017E-4 0.
 1 27 0 T F 6.46277332 16.8591156 8.81258965 0.5 0.5 0. 4308.69971 152.406097 4716441. 15.6796837 5.20701075 -110.313042 5.271018017E-4 0.
 1 28 0 T F 6.51277351 16.9091148 8.58275509 0.5 0.5 0. 4191.06299 149.686722 5925322.5 16.737278 5.20701075 -114.917511 5.271018017E-4 0.
 1 29 0 T F 6.5627737 16.9591141 8.34374905 0.5 0.5 0. 4068.72021 146.847107 7405006.5 17.8393478 5.20701075 -119.503227 5.271018017E-4 0.
 1 30 0 T F 6.6127739 17.0091133 8.09560966 0.5 0.5 0. 3941.86328 144.059814 9203976. 18.9844074 5.20701075 -124.069572 5.271018017E-4 0.
 1 31 0 T F 6.66277409 17.0591125 7.83837748 0.5 0.5 0. 3811.12793 141.940567 11369356. 20.1672058 5.20701075 -128.615982 5.271018017E-4 0.
 1 32 0 T F 6.71277428 17.1091118 7.57209349 0.5 0.5 0. 3675.77002 139.724716 13976331. 21.3940411 5.20701075 -133.141983 5.271018017E-4 0.
 1 33 0 T F 6.76277447 17.159111 7.29679918 0.5 0.5 0. 3535.81055 137.412262 17100006. 22.6648197 5.20701075 -137.647034 5.271018017E-4 0.
 1 34 0 T F 6.81277466 17.2091103 7.01253796 0.5 0.5 0. 3391.271 135.003204 20825588. 23.9794388 5.20701075 -142.130615 5.271018017E-4 0.
 1 35 0 T F 6.86277485 17.2591095 6.71935368 0.5 0.5 0. 3242.1731 132.497528 25249362. 25.33778 5.20701075 -146.592194 5.271018017E-4 0.
 1 36 0 T F 6.91277504 17.3091087 6.41729116 0.5 0.5 0. 3088.53955 129.895248 30479716. 26.7397099 5.20701075 -151.031296 5.271018017E-4 0.
 1 37 0 T F 6.96277523 17.359108 6.1063962 0.5 0.5 0. 2930.39307 127.19635 36638240. 28.185091 5.20701075 -155.447464 5.271018017E-4 0.
 1 38 0 T F 7.01277542 17.4091072 5.78671551 0.5 0.5 0. 2767.70801 124.351654 43863036. 29.6741829 5.20701075 -159.84024 5.271018017E-4 0.
 1 39 0 T F 7.06277561 17.4591064 5.45829725 0.5 0.5 0. 2600.42236 121.275208 52310800. 31.2075768 5.20701075 -164.209198 5.271018017E-4 0.
 1 40 0 T F 7.1127758 17.5091057 5.12118959 0.5 0.5 0. 2428.7085 118.115341 62144108. 32.7838211 5.20701075 -168.553925 5.271018017E-4 0.
 1 41 0 T F 7.16277599 17.5591049 4.77544165 0.5 0.5 0. 2252.59106 114.87204 73549384. 34.4027328 5.20701075 -172.874054 5.271018017E-4 0.
 1 42 0 T F 7.21277618 17.6091042 4.421103 0.5 0.5 0. 2072.09521 111.545311 86732464. 36.0641212 5.20701075 -177.169235 5.271018017E-4 0.
 1 43 0 T F 7.26277637 17.6591034 4.05822468 0.5 0.5 0. 1887.24585 108.135147 101920000. 37.7677917 5.20701075 -181.439133 5.271018017E-4 0.
 1 44 0 T F 7.31277657 17.7091026 3.6868577 0.5 0.5 0. 1698.06885 104.641563 119360920. 39.5135345 5.20701075 -185.683441 5.271018017E-4 0.
 1 45 0 T F 7.36277676 17.7591019 3.3070538 0.5 0.5 0. 1504.58997 101.064552 139327936. 41.3011436 5.20701075 -189.901886 5.271018017E-4 0.
 1 46 0 T F 7.41277695 17.8091011 2.91886544 0.5 0.5 0. 1306.83533 97.4041061 162119072. 43.130394 5.20701075 -194.094208 5.271018017E-4 0.
 1 47 0 T F 7.46277714 17.8591003 2.52234507 0.5 0.5 0. 1104.8313 93.6602173 188059312. 45.0010681 5.20701075 -198.260162 5.271018017E-4 0.
 1 48 0 T F 7.51277733 17.9090996 2.11754608 0.5 0.5 0. 898.604492 89.8329086 217502208. 46.9129448 5.20701075 -202.399536 5.271018017E-4 0.
 1 49 0 T F 7.56277752 17.9590988 1.70452178 0.5 0.5 0. 688.181641 85.9221725 250831568. 48.8657913 5.20701075 -206.512131 5.271018017E-4 0.
 1 50 0 T F 7.61277771 18.0090981 1.28332615 0.5 0.5 0. 473.895172 82.23349 288409696. 50.8566666 5.20701075 -210.597778 5.271018017E-4 0.
 1 51 0 T F 7.6627779 18.0590973 1. 0.5 0.5 0. 329.852112 79.8521042 316317216. 52.218277 5.20701075 0. 5.271018017E-4 0.
 1 52 0 T F 7.71277809 18.1090965 1. 0.5 0.5 0. 327.416748 77.416748 316821216. 52.2420578 5.20701075 0. 5.271018017E-4 0.
 1 53 0 T F 7.76277828 18.1590958 1. 0.5 0.5 0. 324.927429 74.9274292 317336992. 52.2663765 5.20701075 0. 5.271018017E-4 0.
 1 54 0 T F 7.81277847 18.209095 1. 0.5 0.5 0. 322.384125 72.3841324 317864512. 52.2912025 5.20701075 0. 5.271018017E-4 0.
 1 55 0 T F 7.86277866 18.2590942 1. 0.5 0.5 0. 319.786865 69.7868652 318403872. 52.3165703 5.20701075 0. 5.271018017E-4 0.
 1 56 0 T F 7.91277885 18.3090935 1. 0.5 0.5 0. 317.13562 67.1356201 318955104. 52.3424721 5.20701075 0. 5.271018017E-4 0.
 1 57 0 T F 7.96277905 18.3590927 1. 0.5 0.5 0. 314.43042 64.4304047 319518304. 52.3689003 5.20701075 0. 5.271018017E-4 0.
 1 58 0 T F 8.01277924 18.4090919 1. 0.5 0.5 0. 311.63681 61.6368065 320100608. 52.3961716 5.20701075 0. 5.271018017E-4 0.
 1 59 0 T F 8.06277943 18.4590912 1. 0.5 0.5 0. 308.698029 58.6980286 320713984. 52.4248619 5.20701075 0. 5.271018017E-4 0.
 1 60 0 T F 8.11277962 18.5090904 1. 0.5 0.5 0. 305.719635 55.7196465 321336480. 52.453968 5.20701075 0. 5.271018017E-4 0.
 1 61 0 T F 8.16277981 18.5590897 1. 0.5 0.5 0. 302.70166 52.7016716 321968128. 52.4834404 5.20701075 0. 5.271018017E-4 0.
 1 62 0 T F 8.21278 18.6090889 1. 0.5 0.5 0. 299.644104 49.6440926 322608960. 52.5132942 5.20701075 0. 5.271018017E-4 0.
 1 63 0 T F 8.26278019 18.6590881 1. 0.5 0.5 0. 296.546936 46.5469208 323258976. 52.5435371 5.20701075 0. 5.271018017E-4 0.
 1 64 0 T F 8.31278038 18.7090874 1. 0.5 0.5 0. 293.410156 43.4101448 323918272. 52.5741768 5.20701075 0. 5.271018017E-4 0.
 1 65 0 T F 8.36278057 18.7590866 1. 0.5 0.5 0. 290.233765 40.2337723 324586880. 52.6051979 5.20701075 0. 5.271018017E-4 0.
 1 66 0 T F 8.41278076 18.8090858 1. 0.5 0.5 0. 287.017792 37.0178032 325264800. 52.6366005 5.20701075 0. 5.271018017E-4 0.
 1 67 0 T F 8.46278095 18.8590851 1. 0.5 0.5 0. 283.762238 33.7622337 325952064. 52.6683846 5.20701075 0. 5.271018017E-4 0.
 1 68 0 T F 8.51278114 18.9090843 1. 0.5 0.5 0. 280.467072 30.4670696 326648768. 52.7005653 5.20701075 0. 5.271018017E-4 0.
 1 69 0 T F 8.56278133 18.9590836 1. 0.5 0.5 0. 277.132294 27.1323051 327354912. 52.7331314 5.20701075 0. 5.271018017E-4 0.
 1 70 0 T F 8.61278152 19.0090828 1. 0.5 0.5 0. 274.177124 24.1771336 327981632. 52.7619896 5.20701075 0. 5.271018017E-4 0.
 1 71 0 T F 8.66278172 19.059082 1. 0.5 0.5 0. 273.08606 23.086071 328213344. 52.7726479 5.20701075 0. 5.271018017E-4 0.
 1 72 0 T F 8.71278191 19.1090813 1. 0.5 0.5 0. 271.981323 21.9813118 328448064. 52.7834435 5.20701075 0. 5.271018017E-4 0.
 1 73 0 T F 8.7627821 19.1590805 1. 0.5 0.5 0. 270.862854 20.8628597 328685856. 52.794384 5.20701075 0. 5.271018017E-4 0.
 1 74 0 T F 8.81278229 19.2090797 1. 0.5 0.5 0. 269.730713 19.730711 328926656. 52.8054314 5.20701075 0. 5.271018017E-4 0.
 1 75 0 T F 8.86278248 19.259079 1. 0.5 0.5 0. 268.584869 18.5848694 329170496. 52.8166313 5.20701075 0. 5.271018017E-4 0.
 1 76 0 T F 8.91278267 19.3090782 1. 0.5 0.5 0. 267.425323 17.4253349 329417408. 52.827961 5.20701075 0. 5.271018017E-4 0.
 1 77 0 T F 8.96278286 19.3590775 1. 0.5 0.5 0. 266.252106 16.2521038 329667360. 52.8394127 5.20701075 0. 5.271018017E-4 0.
 1 78 0 T F 9.01278305 19.4090767 1. 0.5 0.5 0. 265.05542 15.0554266 329922400. 52.8511086 5.20701075 0. 5.271018017E-4 0.
 1 79 0 T F 9.06278324 19.4590759 1. 0.5 0.5 0. 263.820709 13.8207169 330185728. 52.8631783 5.20701075 0. 5.271018017E-4 0.
 1 80 0 T F 9.11278343 19.5090752 1. 0.5 0.5 0. 262.578766 12.5787678 330450752. 52.8753052 5.20701075 0. 5.271018017E-4 0.
 1 81 0 T F 9.16278362 19.5590744 1. 0.5 0.5 0. 261.32959 11.3295784 330717472. 52.8875084 5.20701075 0. 5.271018017E-4 0.
 1 82 0 T F 9.21278381 19.6090736 1. 0.5 0.5 0. 260.073151 10.0731497 330985888. 52.8997917 5.20701075 0. 5.271018017E-4 0.
 1 83 0 T F 9.262784 19.6590729 1. 0.5 0.5 0. 258.809479 8.80948067 331256000. 52.9121437 5.20701075 0. 5.271018017E-4 0.
 1 84 0 T F 9.31278419 19.7090721 1. 0.5 0.5 0. 257.538574 7.53857374 331527840. 52.9245567 5.20701075 0. 5.271018017E-4 0.
 1 85 0 T F 9.36278439 19.7590714 1. 0.5 0.5 0. 256.260437 6.26042747 331801376. 52.9370346 5.20701075 0. 5.271018017E-4 0.
 1 86 0 T F 9.41278458 19.8090706 1. 0.5 0.5 0. 254.975037 4.97504091 332076640. 52.9496078 5.20701075 0. 5.271018017E-4 0.
 1 87 0 T F 9.46278477 19.8590698 1. 0.5 0.5 0. 253.682419 3.68241525 332353600. 52.9622307 5.20701075 0. 5.271018017E-4 0.
 1 88 0 T F 9.51278496 19.9090691 1. 0.5 0.5 0. 252.382553 2.38255024 332632288. 52.9749413 5.20701075 0. 5.271018017E-4 0.
 1 89 0 T F 9.56278515 19.9590683 1. 0.5 0.5 0. 251.075439 1.07544565 332912672. 52.9876976 5.20701075 0. 5.271018017E-4 0.
 1 90 0 T T 9.61278534 1.00906754 1. 0.5 0.5 0. 250.238892 0.238886669 333092256. 52.9958839 5.20701075 0. 5.271018017E-4 0.
 1 91 0 T T 9.66278553 1.05906749 1. 0.5 0.5 0. 251.560471 1.56047642 332808480. 52.9829597 5.20701075 0. 5.271018017E-4 0.
 1 92 0 T T 9.71278572 1.10906744 1. 0.5 0.5 0. 252.889297 2.88929749 332523328. 52.9699631 5.20701075 0. 5.271018017E-4 0.
 1 93 0 T T 9.76278591 1.15906739 1. 0.5 0.5 0. 254.225357 4.22535849 332236800. 52.9569092 5.20701075 0. 5.271018017E-4 0.
 1 94 0 T T 9.8127861 1.20906734 1. 0.5 0.5 0. 255.568665 5.56865835 331948896. 52.943779 5.20701075 0. 5.271018017E-4 0.
 1 95 0 T T 9.86278629 1.2590673 1. 0.5 0.5 0. 256.919189 6.91919708 331659616. 52.9305763 5.20701075 0. 5.271018017E-4 0.
 1 96 0 T T 9.91278648 1.30906725 1. 0.5 0.5 0. 258.276978 8.27697659 331368960. 52.9173012 5.20701075 0. 5.271018017E-4 0.
 1 97 0 T T 9.96278667 1.3590672 1. 0.5 0.5 0. 259.641998 9.64199448 331076928. 52.9039536 5.20701075 0. 5.271018017E-4 0.
 1 98 0 T T 10.0127869 1.40906715 1. 0.5 0.5 0. 261.006683 11.0066795 330785152. 52.8906097 5.20701075 0. 5.271018017E-4 0.
 1 99 0 T T 10.0627871 1.45906711 1. 0.5 0.5 0. 262.35202 12.3520174 330497696. 52.8774605 5.20701075 0. 5.271018017E-4 0.
 1 100 0 T T 10.1127872 1.50906706 1. 0.5 0.5 0. 263.697357 13.6973543 330210432. 52.8642998 5.20701075 0. 5.271018017E-4 0.
 1 101 0 T T 10.1627874 1.55906701 1. 0.5 0.5 0. 265.042694 15.0426931 329923328. 52.8511581 5.20701075 0. 5.271018017E-4 0.
 1 102 0 T T 10.2127876 1.60906696 1. 0.5 0.5 0. 266.388031 16.388031 329636416. 52.8380013 5.20701075 0. 5.271018017E-4 0.
 1 103 0 T T 10.2627878 1.65906692 1. 0.5 0.5 0. 267.733368 17.7333679 329349664. 52.824852 5.20701075 0. 5.271018017E-4 0.
 1 104 0 T T 10.312788 1.70906687 1. 0.5 0.5 0. 269.078705 19.0787067 329063104. 52.8117027 5.20701075 0. 5.271018017E-4 0.
 1 105 0 T T 10.3627882 1.75906682 1. 0.5 0.5 0. 270.424042 20.4240437 328776736. 52.7985497 5.20701075 0. 5.271018017E-4 0.
 1 106 0 T T 10.4127884 1.80906677 1. 0.5 0.5 0. 271.769379 21.7693825 328490528. 52.7853966 5.20701075 0. 5.271018017E-4 0.
 1 107 0 T T 10.4627886 1.85906672 1. 0.5 0.5 0. 273.114716 23.1147213 328204512. 52.7722473 5.20701075 0. 5.271018017E-4 0.
 1 108 0 T T 10.5127888 1.90906668 1. 0.5 0.5 0. 274.460052 24.4600601 327918656. 52.7590866 5.20701075 0. 5.271018017E-4 0.
 1 109 0 T T 10.562789 1.95906663 1. 0.5 0.5 0. 275.805389 25.805397 327632992. 52.7459412 5.20701075 0. 5.271018017E-4 0.
 1 110 0 T T 10.6127892 2.00906658 1. 0.5 0.5 0. 277.612213 27.6121998 327249568. 52.7282791 5.20701075 0. 5.271018017E-4 0.
 1 111 0 T T 10.6627893 2.05906653 1. 0.5 0.5 0. 281.502411 31.5024071 326424736. 52.6902275 5.20701075 0. 5.271018017E-4 0.
 1 112 0 T T 10.7127895 2.10906649 1. 0.5 0.5 0. 285.392609 35.3926125 325601376. 52.6521759 5.20701075 0. 5.271018017E-4 0.
 1 113 0 T T 10.7627897 2.15906644 1. 0.5 0.5 0. 289.282837 39.2828217 324779488. 52.6141167 5.20701075 0. 5.271018017E-4 0.
 1 114 0 T T 10.8127899 2.20906639 1. 0.5 0.5 0. 293.173035 43.173027 323959104. 52.5760727 5.20701075 0. 5.271018017E-4 0.
 1 115 0 T T 10.8627901 2.25906634 1. 0.5 0.5 0. 297.063232 47.0632324 323140192. 52.5380135 5.20701075 0. 5.271018017E-4 0.
 1 116 0 T T 10.9127903 2.3090663 1. 0.5 0.5 0. 300.95343 50.9534416 322322752. 52.4999619 5.20701075 0. 5.271018017E-4 0.
 1 117 0 T T 10.9627905 2.35906625 1. 0.5 0.5 0. 304.843658 54.843647 321506816. 52.4619141 5.20701075 0. 5.271018017E-4 0.
 1 118 0 T T 11.0127907 2.4090662 1. 0.5 0.5 0. 308.69342 58.6934319 320700800. 52.4242516 5.20701075 0. 5.271018017E-4 0.
 1 119 0 T T 11.0627909 2.45906615 1. 0.5 0.5 0. 312.412476 62.4124718 319923552. 52.3878784 5.20701075 0. 5.271018017E-4 0.
 1 120 0 T T 11.1127911 2.5090661 1. 0.5 0.5 0. 316.110565 66.1105728 319152032. 52.3517075 5.20701075 0. 5.271018017E-4 0.
 1 121 0 T T 11.1627913 2.55906606 1. 0.5 0.5 0. 319.78772 69.787735 318386176. 52.3157463 5.20701075 0. 5.271018017E-4 0.
 1 122 0 T T 11.2127914 2.60906601 1. 0.5 0.5 0. 323.44397 73.4439697 317625984. 52.2799759 5.20701075 0. 5.271018017E-4 0.
 1 123 0 T T 11.2627916 2.65906596 1. 0.5 0.5 0. 327.079285 77.0792694 316871456. 52.2444153 5.20701075 0. 5.271018017E-4 0.
 1 124 0 T T 11.3127918 2.70906591 1. 0.5 0.5 0. 330.693634 80.6936417 316122528. 52.2090759 5.20701075 0. 5.271018017E-4 0.
 1 125 0 T T 11.362792 2.75906587 1. 0.5 0.5 0. 334.287079 84.2870865 315379200. 52.1739311 5.20701075 0. 5.271018017E-4 0.
 1 126 0 T T 11.4127922 2.80906582 1. 0.5 0.5 0. 337.859589 87.8595886 314641440. 52.1389847 5.20701075 0. 5.271018017E-4 0.
 1 127 0 T T 11.4627924 2.85906577 1. 0.5 0.5 0. 341.411163 91.4111557 313909216. 52.104248 5.20701075 0. 5.271018017E-4 0.
 1 128 0 T T 11.5127926 2.90906572 1. 0.5 0.5 0. 344.941772 94.9417877 313182528. 52.069725 5.20701075 0. 5.271018017E-4 0.
 1 129 0 T T 11.5627928 2.95906568 1. 0.5 0.5 0. 348.451508 98.4514999 312461344. 52.0353851 5.20701075 0. 5.271018017E-4 0.
 1 130 0 T T 11.612793 3.00906563 1. 0.5 0.5 0. 352.312561 102.312553 311669280. 51.9976234 5.20701075 0. 5.271018017E-4 0.
 1 131 0 T T 11.6627932 3.05906558 1. 0.5 0.5 0. 357.826935 107.826927 310540096. 51.9436569 5.20701075 0. 5.271018017E-4 0.
 1 132 0 T T 11.7127934 3.10906553 1. 0.5 0.5 0. 363.30896 113.308952 309420416. 51.8900146 5.20701075 0. 5.271018017E-4 0.
 1 133 0 T T 11.7627935 3.15906549 1. 0.5 0.5 0. 368.758606 118.758606 308310240. 51.8366814 5.20701075 0. 5.271018017E-4 0.
 1 134 0 T T 11.8127937 3.20906544 1. 0.5 0.5 0. 374.175903 124.175911 307209472. 51.78368 5.20701075 0. 5.271018017E-4 0.
 1 135 0 T T 11.8627939 3.25906539 1. 0.5 0.5 0. 379.560852 129.560852 306118080. 51.7309875 5.20701075 0. 5.271018017E-4 0.
 1 136 0 T T 11.9127941 3.30906534 1. 0.5 0.5 0. 384.913452 134.913437 305036000. 51.6786194 5.20701075 0. 5.271018017E-4 0.
 1 137 0 T T 11.9627943 3.35906529 1. 0.5 0.5 0. 390.233643 140.233658 303963168. 51.6265526 5.20701075 0. 5.271018017E-4 0.
 1 138 0 T T 12.0127945 3.40906525 1. 0.5 0.5 0. 395.427032 145.427032 302918528. 51.5757446 5.20701075 0. 5.271018017E-4 0.
 1 139 0 T T 12.0627947 3.4590652 1. 0.5 0.5 0. 400.295227 150.295212 301941728. 51.5281143 5.20701075 0. 5.271018017E-4 0.
 1 140 0 T T 12.1127949 3.50906515 1. 0.5 0.5 0. 405.102173 155.102158 300979424. 51.4810867 5.20701075 0. 5.271018017E-4 0.
 1 141 0 T T 12.1627951 3.5590651 1. 0.5 0.5 0. 409.8479 159.8479 300031552. 51.4346466 5.20701075 0. 5.271018017E-4 0.
 1 142 0 T T 12.2127953 3.60906506 1. 0.5 0.5 0. 414.53241 164.532425 299097984. 51.3888168 5.20701075 0. 5.271018017E-4 0.
 1 143 0 T T 12.2627954 3.65906501 1. 0.5 0.5 0. 419.155731 169.155731 298178688. 51.3435936 5.20701075 0. 5.271018017E-4 0.
 1 144 0 T T 12.3127956 3.70906496 1. 0.5 0.5 0. 423.717834 173.717834 297273536. 51.298954 5.20701075 0. 5.271018017E-4 0.
 1 145 0 T T 12.3627958 3.75906491 1. 0.5 0.5 0. 428.218719 178.218719 296382464. 51.2549171 5.20701075 0. 5.271018017E-4 0.
 1 146 0 T T 12.412796 3.80906487 1. 0.5 0.5 0. 432.658417 182.658417 295505408. 51.211483 5.20701075 0. 5.271018017E-4 0.
 1 147 0 T T 12.4627962 3.85906482 1. 0.5 0.5 0. 437.036865 187.036865 294642272. 51.1686554 5.20701075 0. 5.271018017E-4 0.
 1 148 0 T T 12.5127964 3.90906477 1. 0.5 0.5 0. 441.354126 191.354111 293792960. 51.1264114 5.20701075 0. 5.271018017E-4 0.
 1 149 0 T T 12.5627966 3.95906472 1. 0.5 0.5 0. 445.610168 195.610168 292957408. 51.0847816 5.20701075 0. 5.271018017E-4 0.
 1 150 0 T T 12.6127968 4.00906467 1. 0.5 0.5 0. 450.040802 200.040802 292089376. 51.0414391 5.20701075 0. 5.271018017E-4 0.
 1 151 0 T T 12.662797 4.05906487 1. 0.5 0.5 0. 455.466278 205.466278 291028672. 50.9883461 5.20701075 0. 5.271018017E-4 0.
 1 152 0 T T 12.7127972 4.10906506 1. 0.5 0.5 0. 460.815552 210.815552 289985568. 50.9360046 5.20701075 0. 5.271018017E-4 0.
 1 153 0 T T 12.7627974 4.15906525 1. 0.5 0.5 0. 466.088623 216.088638 288959968. 50.884407 5.20701075 0. 5.271018017E-4 0.
 1 154 0 T T 12.8127975 4.20906544 1. 0.5 0.5 0. 471.285522 221.285522 287951744. 50.8335495 5.20701075 0. 5.271018017E-4 0.
 1 155 0 T T 12.8627977 4.25906563 1. 0.5 0.5 0. 476.406219 226.406219 286960768. 50.7834473 5.20701075 0. 5.271018017E-4 0.
 1 156 0 T T 12.9127979 4.30906582 1. 0.5 0.5 0. 481.450714 231.450714 285986944. 50.7340965 5.20701075 0. 5.271018017E-4 0.
 1 157 0 T T 12.9627981 4.35906601 1. 0.5 0.5 0. 486.419037 236.419037 285030144. 50.685482 5.20701075 0. 5.271018017E-4 0.
 1 158 0 T T 13.0127983 4.4090662 1. 0.5 0.5 0. 491.175781 241.175797 284116288. 50.6389427 5.20701075 0. 5.271018017E-4 0.
 1 159 0 T T 13.0627985 4.45906639 1. 0.5 0.5 0. 495.445587 245.445587 283297856. 50.5971603 5.20701075 0. 5.271018017E-4 0.
 1 160 0 T T 13.1127987 4.50906658 1. 0.5 0.5 0. 499.611511 249.611526 282500992. 50.5564156 5.20701075 0. 5.271018017E-4 0.
 1 161 0 T T 13.1627989 4.55906677 1. 0.5 0.5 0. 503.673584 253.673599 281725536. 50.5166779 5.20701075 0. 5.271018017E-4 0.
 1 162 0 T T 13.2127991 4.60906696 1. 0.5 0.5 0. 507.631866 257.631866 280971392. 50.4779587 5.20701075 0. 5.271018017E-4 0.
 1 163 0 T T 13.2627993 4.65906715 1. 0.5 0.5 0. 511.486237 261.486237 280238432. 50.4402542 5.20701075 0. 5.271018017E-4 0.
 1 164 0 T T 13.3127995 4.70906734 1. 0.5 0.5 0. 515.236816 265.236786 279526560. 50.4035683 5.20701075 0. 5.271018017E-4 0.
 1 165 0 T T 13.3627996 4.75906754 1. 0.5 0.5 0. 518.883423 268.883453 278835648. 50.367897 5.20701075 0. 5.271018017E-4 0.
 1 166 0 T T 13.4127998 4.80906773 1. 0.5 0.5 0. 522.42627 272.4263 278165600. 50.3332405 5.20701075 0. 5.271018017E-4 0.
 1 167 0 T T 13.4628 4.85906792 1. 0.5 0.5 0. 525.865234 275.865265 277516320. 50.2996178 5.20701075 0. 5.271018017E-4 0.
 1 168 0 T T 13.5128002 4.90906811 1. 0.5 0.5 0. 529.200439 279.200409 276887680. 50.2669983 5.20701075 0. 5.271018017E-4 0.
 1 169 0 T T 13.5628004 4.9590683 1. 0.5 0.5 0. 532.431763 282.431732 276279584. 50.2353897 5.20701075 0. 5.271018017E-4 0.
 1 170 0 T T 13.6128006 5.00906849 1. 0.5 0.5 0. 535.650146 285.650146 275674880. 50.2039146 5.20701075 0. 5.271018017E-4 0.
 1 171 0 T T 13.6628008 5.05906868 1. 0.5 0.5 0. 539.169922 289.169891 275014592. 50.1694908 5.20701075 0. 5.271018017E-4 0.
 1 172 0 T T 13.712801 5.10906887 1. 0.5 0.5 0. 542.57666 292.57663 274376608. 50.1361656 5.20701075 0. 5.271018017E-4 0.
 1 173 0 T T 13.7628012 5.15906906 1. 0.5 0.5 0. 545.870361 295.870361 273760800. 50.1039467 5.20701075 0. 5.271018017E-4 0.
 1 174 0 T T 13.8128014 5.20906925 1. 0.5 0.5 0. 549.051147 299.051117 273167072. 50.0728416 5.20701075 0. 5.271018017E-4 0.
 1 175 0 T T 13.8628016 5.25906944 1. 0.5 0.5 0. 552.118835 302.118835 272595328. 50.0428314 5.20701075 0. 5.271018017E-4 0.
 1 176 0 T T 13.9128017 5.30906963 1. 0.5 0.5 0. 555.073486 305.073517 272045472. 50.0139313 5.20701075 0. 5.271018017E-4 0.
 1 177 0 T T 13.9628019 5.35906982 1. 0.5 0.5 0. 557.915161 307.915192 271517408. 49.9861565 5.20701075 0. 5.271018017E-4 0.
 1 178 0 T T 14.0128021 5.40907001 1. 0.5 0.5 0. 560.520081 310.520081 271034016. 49.9606819 5.20701075 0. 5.271018017E-4 0.
 1 179 0 T T 14.0628023 5.45907021 1. 0.5 0.5 0. 562.64093 312.64093 270640960. 49.9399414 5.20701075 0. 5.271018017E-4 0.
 1 180 0 T T 14.1128025 5.5090704 1. 0.5 0.5 0. 564.630981 314.630951 270272512. 49.9204865 5.20701075 0. 5.271018017E-4 0.
 1 181 0 T T 14.1628027 5.55907059 1. 0.5 0.5 0. 566.490112 316.490112 269928640. 49.9023056 5.20701075 0. 5.271018017E-4 0.
 1 182 0 T T 14.2128029 5.60907078 1. 0.5 0.5 0. 568.218384 318.218384 269609248. 49.8854103 5.20701075 0. 5.271018017E-4 0.
 1 183 0 T T 14.2628031 5.65907097 1. 0.5 0.5 0. 569.815796 319.815826 269314304. 49.8697853 5.20701075 0. 5.271018017E-4 0.
 1 184 0 T T 14.3128033 5.70907116 1. 0.5 0.5 0. 571.282349 321.282379 269043712. 49.8554497 5.20701075 0. 5.271018017E-4 0.
 1 185 0 T T 14.3628035 5.75907135 1. 0.5 0.5 0. 572.618042 322.618042 268797472. 49.8424034 5.20701075 0. 5.271018017E-4 0.
 1 186 0 T T 14.4128036 5.80907154 1. 0.5 0.5 0. 573.822876 323.822876 268575488. 49.830616 5.20701075 0. 5.271018017E-4 0.
 1 187 0 T T 14.4628038 5.85907173 1. 0.5 0.5 0. 574.896851 324.896851 268377744. 49.8201256 5.20701075 0. 5.271018017E-4 0.
 1 188 0 T T 14.512804 5.90907192 1. 0.5 0.5 0. 575.839966 325.839935 268204176. 49.8109093 5.20701075 0. 5.271018017E-4 0.
 1 189 0 T T 14.5628042 5.95907211 1. 0.5 0.5 0. 576.652222 326.652191 268054768. 49.8029633 5.20701075 0. 5.271018017E-4 0.
 1 190 0 T T 14.6128044 6.0090723 1. 0.5 0.5 0. 577.309082 327.309082 267933984. 49.7965393 5.20701075 0. 5.271018017E-4 0.
 1 191 0 T T 14.6628046 6.05907249 1. 0.5 0.5 0. 577.726807 327.726776 267857200. 49.7924576 5.20701075 0. 5.271018017E-4 0.
 1 192 0 T T 14.7128048 6.10907269 1. 0.5 0.5 0. 578.017212 328.017212 267803824. 49.7896156 5.20701075 0. 5.271018017E-4 0.
 1 193 0 T T 14.762805 6.15907288 1. 0.5 0.5 0. 578.180298 328.180298 267773856. 49.7880287 5.20701075 0. 5.271018017E-4 0.
 1 194 0 T T 14.8128052 6.20907307 1. 0.5 0.5 0. 578.216125 328.216125 267767280. 49.7876854 5.20701075 0. 5.271018017E-4 0.
 1 195 0 T T 14.8628054 6.25907326 1. 0.5 0.5 0. 578.124634 328.124634 267784096. 49.7885742 5.20701075 0. 5.271018017E-4 0.
 1 196 0 T T 14.9128056 6.30907345 1. 0.5 0.5 0. 577.905884 327.905884 267824288. 49.7907104 5.20701075 0. 5.271018017E-4 0.
 1 197 0 T T 14.9628057 6.35907364 1. 0.5 0.5 0. 577.559814 327.559814 267887888. 49.7940979 5.20701075 0. 5.271018017E-4 0.
 1 198 0 T T 15.0128059 6.40907383 1. 0.5 0.5 0. 577.051636 327.051666 267981296. 49.799057 5.20701075 0. 5.271018017E-4 0.
 1 199 0 T T 15.0628061 6.45907402 1. 0.5 0.5 0. 576.31311 326.31308 268117072. 49.8062782 5.20701075 0. 5.271018017E-4 0.
 1 200 0 T T 15.1128063 6.50907421 1. 0.5 0.5 0. 575.443604 325.443634 268276976. 49.8147697 5.20701075 0. 5.271018017E-4 0.
 1 201 0 T T 15.1628065 6.5590744 1. 0.5 0.5 0. 574.443298 324.443298 268461024. 49.824543 5.20701075 0. 5.271018017E-4 0.
 1 202 0 T T 15.2128067 6.60907459 1. 0.5 0.5 0. 573.312073 323.312073 268669280. 49.8355904 5.20701075 0. 5.271018017E-4 0.
 1 203 0 T T 15.2628069 6.65907478 1. 0.5 0.5 0. 572.050049 322.050018 268901728. 49.8479271 5.20701075 0. 5.271018017E-4 0.
 1 204 0 T T 15.3128071 6.70907497 1. 0.5 0.5 0. 570.657104 320.657104 269158432. 49.8615379 5.20701075 0. 5.271018017E-4 0.
 1 205 0 T T 15.3628073 6.75907516 1. 0.5 0.5 0. 569.133301 319.133331 269439456. 49.8764229 5.20701075 0. 5.271018017E-4 0.
 1 206 0 T T 15.4128075 6.80907536 1. 0.5 0.5 0. 567.478638 317.478668 269744864. 49.8925858 5.20701075 0. 5.271018017E-4 0.
 1 207 0 T T 15.4628077 6.85907555 1. 0.5 0.5 0. 565.693115 315.693146 270074656. 49.9100266 5.20701075 0. 5.271018017E-4 0.
 1 208 0 T T 15.5128078 6.90907574 1. 0.5 0.5 0. 563.776733 313.776764 270428928. 49.9287491 5.20701075 0. 5.271018017E-4 0.
 1 209 0 T T 15.562808 6.95907593 1. 0.5 0.5 0. 561.729492 311.729523 270807744. 49.9487419 5.20701075 0. 5.271018017E-4 0.
 1 210 0 T T 15.6128082 7.00907612 1. 0.5 0.5 0. 559.464355 309.464325 271227328. 49.9708672 5.20701075 0. 5.271018017E-4 0.
 1 211 0 T T 15.6628084 7.05907631 1. 0.5 0.5 0. 556.686218 306.686218 271742464. 49.9979897 5.20701075 0. 5.271018017E-4 0.
 1 212 0 T T 15.7128086 7.1090765 1. 0.5 0.5 0. 553.795105 303.795105 272279296. 50.026226 5.20701075 0. 5.271018017E-4 0.
 1 213 0 T T 15.7628088 7.15907669 1. 0.5 0.5 0. 550.791016 300.791016 272837888. 50.0555649 5.20701075 0. 5.271018017E-4 0.
 1 214 0 T T 15.812809 7.20907688 1. 0.5 0.5 0. 547.673828 297.673859 273418368. 50.08601 5.20701075 0. 5.271018017E-4 0.
 1 215 0 T T 15.8628092 7.25907707 1. 0.5 0.5 0. 544.443726 294.443695 274020768. 50.1175575 5.20701075 0. 5.271018017E-4 0.
 1 216 0 T T 15.9128094 7.30907726 1. 0.5 0.5 0. 541.100525 291.100525 274645248. 50.1501999 5.20701075 0. 5.271018017E-4 0.
 1 217 0 T T 15.9628096 7.35907745 1. 0.5 0.5 0. 537.644348 287.644348 275291872. 50.1839409 5.20701075 0. 5.271018017E-4 0.
 1 218 0 T T 16.0128098 7.40907764 1. 0.5 0.5 0. 534.204224 284.204193 275936608. 50.2175407 5.20701075 0. 5.271018017E-4 0.
 1 219 0 T T 16.062809 7.45907784 1. 0.5 0.5 0. 531.031372 281.031403 276532224. 50.2485199 5.20701075 0. 5.271018017E-4 0.
 1 220 0 T T 16.1128082 7.50907803 1. 0.5 0.5 0. 527.754822 277.754822 277148256. 50.2805138 5.20701075 0. 5.271018017E-4 0.
 1 221 0 T T 16.1628075 7.55907822 1. 0.5 0.5 0. 524.374329 274.374329 277784832. 50.3135262 5.20701075 0. 5.271018017E-4 0.
 1 222 0 T T 16.2128067 7.60907841 1. 0.5 0.5 0. 520.890015 270.890045 278442016. 50.3475494 5.20701075 0. 5.271018017E-4 0.
 1 223 0 T T 16.2628059 7.6590786 1. 0.5 0.5 0. 517.30188 267.30191 279119936. 50.382576 5.20701075 0. 5.271018017E-4 0.
 1 224 0 T T 16.3128052 7.70907879 1. 0.5 0.5 0. 513.609863 263.609894 279818720. 50.4186401 5.20701075 0. 5.271018017E-4 0.
 1 225 0 T T 16.3628044 7.75907898 1. 0.5 0.5 0. 509.814056 259.814056 280538432. 50.4556999 5.20701075 0. 5.271018017E-4 0.
 1 226 0 T T 16.4128036 7.80907917 1. 0.5 0.5 0. 505.914368 255.914352 281279200. 50.4937668 5.20701075 0. 5.271018017E-4 0.
 1 227 0 T T 16.4628029 7.85907936 1. 0.5 0.5 0. 501.910828 251.910828 282041120. 50.532856 5.20701075 0. 5.271018017E-4 0.
 1 228 0 T T 16.5128021 7.90907955 1. 0.5 0.5 0. 497.803467 247.803452 282824320. 50.5729561 5.20701075 0. 5.271018017E-4 0.
 1 229 0 T T 16.5628014 7.95907974 1. 0.5 0.5 0. 493.592224 243.592239 283628896. 50.6140633 5.20701075 0. 5.271018017E-4 0.
 1 230 0 T T 16.6128006 8.00907993 1. 0.5 0.5 0. 489.18222 239.18222 284473152. 50.6571274 5.20701075 0. 5.271018017E-4 0.
 1 231 0 T T 16.6627998 8.05908012 1. 0.5 0.5 0. 484.256897 234.256897 285418080. 50.7051964 5.20701075 0. 5.271018017E-4 0.
 1 232 0 T T 16.7127991 8.10908031 1. 0.5 0.5 0. 479.255371 229.255386 286379872. 50.7540245 5.20701075 0. 5.271018017E-4 0.
 1 233 0 T T 16.7627983 8.15908051 1. 0.5 0.5 0. 474.177673 224.177689 287358688. 50.8035889 5.20701075 0. 5.271018017E-4 0.
 1 234 0 T T 16.8127975 8.2090807 1. 0.5 0.5 0. 469.023804 219.023804 288354592. 50.8538742 5.20701075 0. 5.271018017E-4 0.
 1 235 0 T T 16.8627968 8.25908089 1. 0.5 0.5 0. 463.793701 213.793716 289367744. 50.9049339 5.20701075 0. 5.271018017E-4 0.
 1 236 0 T T 16.912796 8.30908108 1. 0.5 0.5 0. 458.487427 208.487427 290398208. 50.9567261 5.20701075 0. 5.271018017E-4 0.
 1 237 0 T T 16.9627953 8.35908127 1. 0.5 0.5 0. 453.10498 203.104965 291446144. 51.0092621 5.20701075 0. 5.271018017E-4 0.
 1 238 0 T T 17.0127945 8.40908146 1. 0.5 0.5 0. 447.97998 197.97998 292446528. 51.0592804 5.20701075 0. 5.271018017E-4 0.
 1 239 0 T T 17.0627937 8.45908165 1. 0.5 0.5 0. 443.758453 193.758453 293272576. 51.1004906 5.20701075 0. 5.271018017E-4 0.
 1 240 0 T T 17.112793 8.50908184 1. 0.5 0.5 0. 439.475708 189.475723 294112288. 51.1422997 5.20701075 0. 5.271018017E-4 0.
 1 241 0 T T 17.1627922 8.55908203 1. 0.5 0.5 0. 435.131775 185.131775 294965728. 51.1847115 5.20701075 0. 5.271018017E-4 0.
 1 242 0 T T 17.2127914 8.60908222 1. 0.5 0.5 0. 430.726593 180.726593 295833024. 51.2277222 5.20701075 0. 5.271018017E-4 0.
 1 243 0 T T 17.2627907 8.65908241 1. 0.5 0.5 0. 426.260223 176.260223 296714176. 51.2713203 5.20701075 0. 5.271018017E-4 0.
 1 244 0 T T 17.3127899 8.7090826 1. 0.5 0.5 0. 421.732666 171.732651 297609312. 51.3155251 5.20701075 0. 5.271018017E-4 0.
 1 245 0 T T 17.3627892 8.75908279 1. 0.5 0.5 0. 417.14386 167.143845 298518496. 51.3603134 5.20701075 0. 5.271018017E-4 0.
 1 246 0 T T 17.4127884 8.80908298 1. 0.5 0.5 0. 412.493835 162.493851 299441824. 51.4057045 5.20701075 0. 5.271018017E-4 0.
 1 247 0 T T 17.4627876 8.85908318 1. 0.5 0.5 0. 407.782654 157.782639 300379392. 51.4516983 5.20701075 0. 5.271018017E-4 0.
 1 248 0 T T 17.5127869 8.90908337 1. 0.5 0.5 0. 403.010223 153.010223 301331232. 51.4982948 5.20701075 0. 5.271018017E-4 0.
 1 249 0 T T 17.5627861 8.95908356 1. 0.5 0.5 0. 398.176575 148.176559 302297472. 51.5454674 5.20701075 0. 5.271018017E-4 0.
 1 250 0 T T 17.6127853 9.00908375 1. 0.5 0.5 0. 393.21579 143.21579 303291392. 51.5938835 5.20701075 0. 5.271018017E-4 0.
 1 251 0 T T 17.6627846 9.05908394 1. 0.5 0.5 0. 387.913849 137.913849 304356160. 51.6456299 5.20701075 0. 5.271018017E-4 0.
 1 252 0 T T 17.7127838 9.10908413 1. 0.5 0.5 0. 382.579529 132.579544 305430112. 51.6977081 5.20701075 0. 5.271018017E-4 0.
 1 253 0 T T 17.7627831 9.15908432 1. 0.5 0.5 0. 377.212891 127.212883 306513312. 51.7500801 5.20701075 0. 5.271018017E-4 0.
 1 254 0 T T 17.8127823 9.20908451 1. 0.5 0.5 0. 371.813873 121.813866 307605792. 51.8027802 5.20701075 0. 5.271018017E-4 0.
 1 255 0 T T 17.8627815 9.2590847 1. 0.5 0.5 0. 366.382507 116.382492 308707648. 51.855793 5.20701075 0. 5.271018017E-4 0.
 1 256 0 T T 17.9127808 9.30908489 1. 0.5 0.5 0. 360.918762 110.918755 309818880. 51.9091301 5.20701075 0. 5.271018017E-4 0.
 1 257 0 T T 17.96278 9.35908508 1. 0.5 0.5 0. 355.422668 105.422668 310939552. 51.9627724 5.20701075 0. 5.271018017E-4 0.
 1 258 0 T T 18.0127792 9.40908527 1. 0.5 0.5 0. 350.419647 100.419647 311962336. 52.0115967 5.20701075 0. 5.271018017E-4 0.
 1 259 0 T T 18.0627785 9.45908546 1. 0.5 0.5 0. 346.921753 96.9217606 312679072. 52.0457458 5.20701075 0. 5.271018017E-4 0.
 1 260 0 T T 18.1127777 9.50908566 1. 0.5 0.5 0. 343.402954 93.4029465 313401312. 52.0801201 5.20701075 0. 5.271018017E-4 0.
 1 261 0 T T 18.1627769 9.55908585 1. 0.5 0.5 0. 339.86319 89.8631973 314129024. 52.1146812 5.20701075 0. 5.271018017E-4 0.
 1 262 0 T T 18.2127762 9.60908604 1. 0.5 0.5 0. 336.302521 86.3025131 314862272. 52.149437 5.20701075 0. 5.271018017E-4 0.
 1 263 0 T T 18.2627754 9.65908623 1. 0.5 0.5 0. 332.720886 82.7209015 315601056. 52.1844215 5.20701075 0. 5.271018017E-4 0.
 1 264 0 T T 18.3127747 9.70908642 1. 0.5 0.5 0. 329.118347 79.1183472 316345376. 52.2195969 5.20701075 0. 5.271018017E-4 0.
 1 265 0 T T 18.3627739 9.75908661 1. 0.5 0.5 0. 325.494873 75.4948654 317095296. 52.2549782 5.20701075 0. 5.271018017E-4 0.
 1 266 0 T T 18.4127731 9.8090868 1. 0.5 0.5 0. 321.850464 71.8504486 317850816. 52.2905579 5.20701075 0. 5.271018017E-4 0.
 1 267 0 T T 18.4627724 9.85908699 1. 0.5 0.5 0. 318.185089 68.1850967 318611968. 52.3263512 5.20701075 0. 5.271018017E-4 0.
 1 268 0 T T 18.5127716 9.90908718 1. 0.5 0.5 0. 314.49881 64.4988174 319378784. 52.3623543 5.20701075 0. 5.271018017E-4 0.
 1 269 0 T T 18.5627708 9.95908737 1. 0.5 0.5 0. 310.791595 60.7916031 320151296. 52.3985443 5.20701075 0. 5.271018017E-4 0.
 1 270 0 T T 18.6127701 10.0090876 1. 0.5 0.5 0. 307.035553 57.0355606 320935328. 52.4352264 5.20701075 0. 5.271018017E-4 0.
 1 271 0 T T 18.6627693 10.0590878 1. 0.5 0.5 0. 303.145386 53.1453857 321748768. 52.4732056 5.20701075 0. 5.271018017E-4 0.
 1 272 0 T T 18.7127686 10.1090879 1. 0.5 0.5 0. 299.255219 49.2552185 322563680. 52.5111885 5.20701075 0. 5.271018017E-4 0.
 1 273 0 T T 18.7627678 10.1590881 1. 0.5 0.5 0. 295.365051 45.3650475 323380064. 52.5491638 5.20701075 0. 5.271018017E-4 0.
 1 274 0 T T 18.812767 10.2090883 1. 0.5 0.5 0. 291.474884 41.4748764 324197952. 52.5871506 5.20701075 0. 5.271018017E-4 0.
 1 275 0 T T 18.8627663 10.2590885 1. 0.5 0.5 0. 287.584717 37.5847015 325017280. 52.6251297 5.20701075 0. 5.271018017E-4 0.
 1 276 0 T T 18.9127655 10.3090887 1. 0.5 0.5 0. 283.694519 33.6945305 325838080. 52.6631241 5.20701075 0. 5.271018017E-4 0.
 1 277 0 T T 18.9627647 10.3590889 1. 0.5 0.5 0. 279.804352 29.8043594 326660384. 52.701107 5.20701075 0. 5.271018017E-4 0.
 1 278 0 T T 19.012764 10.4090891 1. 0.5 0.5 0. 276.563843 26.5638409 327346592. 52.7327538 5.20701075 0. 5.271018017E-4 0.
 1 279 0 T T 19.0627632 10.4590893 1. 0.5 0.5 0. 275.218506 25.2184982 327631872. 52.7458916 5.20701075 0. 5.271018017E-4 0.
 1 280 0 T T 19.1127625 10.5090895 1. 0.5 0.5 0. 273.873169 23.8731537 327917376. 52.759037 5.20701075 0. 5.271018017E-4 0.
 1 281 0 T T 19.1627617 10.5590897 1. 0.5 0.5 0. 272.527802 22.5278111 328203040. 52.772171 5.20701075 0. 5.271018017E-4 0.
 1 282 0 T T 19.2127609 10.6090899 1. 0.5 0.5 0. 271.182465 21.1824665 328488896. 52.7853203 5.20701075 0. 5.271018017E-4 0.
 1 283 0 T T 19.2627602 10.65909 1. 0.5 0.5 0. 269.837128 19.8371239 328774912. 52.7984734 5.20701075 0. 5.271018017E-4 0.
 1 284 0 T T 19.3127594 10.7090902 1. 0.5 0.5 0. 268.491791 18.4917793 329061088. 52.8116035 5.20701075 0. 5.271018017E-4 0.
 1 285 0 T T 19.3627586 10.7590904 1. 0.5 0.5 0. 267.146423 17.1464367 329347488. 52.824749 5.20701075 0. 5.271018017E-4 0.
 1 286 0 T T 19.4127579 10.8090906 1. 0.5 0.5 0. 265.801086 15.8010921 329634048. 52.8378868 5.20701075 0. 5.271018017E-4 0.
 1 287 0 T T 19.4627571 10.8590908 1. 0.5 0.5 0. 264.45575 14.4557486 329920800. 52.8510437 5.20701075 0. 5.271018017E-4 0.
 1 288 0 T T 19.5127563 10.909091 1. 0.5 0.5 0. 263.110413 13.1104059 330207712. 52.8641891 5.20701075 0. 5.271018017E-4 0.
 1 289 0 T T 19.5627556 10.9590912 1. 0.5 0.5 0. 261.765076 11.7650623 330494784. 52.8773384 5.20701075 0. 5.271018017E-4 0.
 1 290 0 T T 19.6127548 11.0090914 1. 0.5 0.5 0. 260.414612 10.4146204 330783136. 52.8905106 5.20701075 0. 5.271018017E-4 0.
 1 291 0 T T 19.6627541 11.0590916 1. 0.5 0.5 0. 259.045532 9.04551983 331075648. 52.9038925 5.20701075 0. 5.271018017E-4 0.
 1 292 0 T T 19.7127533 11.1090918 1. 0.5 0.5 0. 257.683655 7.6836586 331366784. 52.917202 5.20701075 0. 5.271018017E-4 0.
 1 293 0 T T 19.7627525 11.1590919 1. 0.5 0.5 0. 256.329041 6.32903719 331656576. 52.9304199 5.20701075 0. 5.271018017E-4 0.
 1 294 0 T T 19.8127518 11.2090921 1. 0.5 0.5 0. 254.981659 4.98165417 331944992. 52.9435997 5.20701075 0. 5.271018017E-4 0.
 1 295 0 T T 19.862751 11.2590923 1. 0.5 0.5 0. 253.64151 3.64151096 332232032. 52.9566803 5.20701075 0. 5.271018017E-4 0.
 1 296 0 T T 19.9127502 11.3090925 1. 0.5 0.5 0. 252.308609 2.30860734 332517696. 52.969696 5.20701075 0. 5.271018017E-4 0.
 1 297 0 T T 19.9627495 11.3590927 1. 0.5 0.5 0. 250.982941 0.982942939 332801984. 52.9826698 5.20701075 0. 5.271018017E-4 0.
 1 298 0 T T 1.01274872 11.4090929 1. 0.5 0.5 0. 250.335464 0.335464746 332940928. 52.988987 5.20701075 0. 5.271018017E-4 0.
 1 299 0 T T 1.06274867 11.4590931 1. 0.5 0.5 0. 251.646652 1.64665556 332659456. 52.9761658 5.20701075 0. 5.271018017E-4 0.
 1 300 0 T T 1.11274862 11.5090933 1. 0.5 0.5 0. 252.950592 2.95059633 332379712. 52.9634247 5.20701075 0. 5.271018017E-4 0.
 1 301 0 T T 1.16274858 11.5590935 1. 0.5 0.5 0. 254.247299 4.24729729 332101696. 52.9507446 5.20701075 0. 5.271018017E-4 0.
 1 302 0 T T 1.21274853 11.6090937 1. 0.5 0.5 0. 255.536758 5.53675938 331825408. 52.9381332 5.20701075 0. 5.271018017E-4 0.
 1 303 0 T T 1.26274848 11.6590939 1. 0.5 0.5 0. 256.81897 6.81898165 331550816. 52.9256058 5.20701075 0. 5.271018017E-4 0.
 1 304 0 T T 1.31274843 11.709094 1. 0.5 0.5 0. 258.093964 8.09396458 331277952. 52.9131508 5.20701075 0. 5.271018017E-4 0.
 1 305 0 T T 1.36274838 11.7590942 1. 0.5 0.5 0. 259.361694 9.36170864 331006816. 52.9007492 5.20701075 0. 5.271018017E-4 0.
 1 306 0 T T 1.41274834 11.8090944 1. 0.5 0.5 0. 260.622223 10.6222143 330737376. 52.8884315 5.20701075 0. 5.271018017E-4 0.
 1 307 0 T T 1.46274829 11.8590946 1. 0.5 0.5 0. 261.875488 11.8754797 330469632. 52.8761749 5.20701075 0. 5.271018017E-4 0.
 1 308 0 T T 1.51274824 11.9090948 1. 0.5 0.5 0. 263.12149 13.1215048 330203584. 52.8639832 5.20701075 0. 5.271018017E-4 0.
 1 309 0 T T 1.56274819 11.959095 1. 0.5 0.5 0. 264.360291 14.3602915 329939232. 52.8518867 5.20701075 0. 5.271018017E-4 0.
 1 310 0 T T 1.61274815 12.0090952 1. 0.5 0.5 0. 265.584656 15.5846443 329678112. 52.8399277 5.20701075 0. 5.271018017E-4 0.
 1 311 0 T T 1.6627481 12.0590954 1. 0.5 0.5 0. 266.765594 16.7655849 329426400. 52.8283806 5.20701075 0. 5.271018017E-4 0.
 1 312 0 T T 1.71274805 12.1090956 1. 0.5 0.5 0. 267.932831 17.9328327 329177728. 52.816967 5.20701075 0. 5.271018017E-4 0.
 1 313 0 T T 1.762748 12.1590958 1. 0.5 0.5 0. 269.086395 19.0863857 328932128. 52.805687 5.20701075 0. 5.271018017E-4 0.
 1 314 0 T T 1.81274796 12.209096 1. 0.5 0.5 0. 270.226257 20.2262421 328689568. 52.794548 5.20701075 0. 5.271018017E-4 0.
 1 315 0 T T 1.86274791 12.2590961 1. 0.5 0.5 0. 271.352417 21.3524055 328450048. 52.7835312 5.20701075 0. 5.271018017E-4 0.
 1 316 0 T T 1.91274786 12.3090963 1. 0.5 0.5 0. 272.464874 22.4648743 328213568. 52.7726631 5.20701075 0. 5.271018017E-4 0.
 1 317 0 T T 1.96274781 12.3590965 1. 0.5 0.5 0. 273.56366 23.5636501 327980096. 52.7619324 5.20701075 0. 5.271018017E-4 0.
 1 318 0 T T 2.01274776 12.4090967 1. 0.5 0.5 0. 275.235626 25.2356281 327625024. 52.7455788 5.20701075 0. 5.271018017E-4 0.
 1 319 0 T T 2.06274772 12.4590969 1. 0.5 0.5 0. 278.592712 28.5927162 326912640. 52.7127571 5.20701075 0. 5.271018017E-4 0.
 1 320 0 T T 2.11274767 12.5090971 1. 0.5 0.5 0. 281.910217 31.9102039 326209728. 52.6803055 5.20701075 0. 5.271018017E-4 0.
 1 321 0 T T 2.16274762 12.5590973 1. 0.5 0.5 0. 285.18808 35.1880913 325516288. 52.6482353 5.20701075 0. 5.271018017E-4 0.
 1 322 0 T T 2.21274757 12.6090975 1. 0.5 0.5 0. 288.426392 38.426384 324832256. 52.6165619 5.20701075 0. 5.271018017E-4 0.
 1 323 0 T T 2.26274753 12.6590977 1. 0.5 0.5 0. 291.625061 41.6250763 324157632. 52.5852852 5.20701075 0. 5.271018017E-4 0.
 1 324 0 T T 2.31274748 12.7090979 1. 0.5 0.5 0. 294.78418 44.7841682 323492352. 52.55439 5.20701075 0. 5.271018017E-4 0.
 1 325 0 T T 2.36274743 12.7590981 1. 0.5 0.5 0. 297.903656 47.9036674 322836352. 52.5238876 5.20701075 0. 5.271018017E-4 0.
 1 326 0 T T 2.41274738 12.8090982 1. 0.5 0.5 0. 300.983551 50.9835625 322189632. 52.4937706 5.20701075 0. 5.271018017E-4 0.
 1 327 0 T T 2.46274734 12.8590984 1. 0.5 0.5 0. 304.023865 54.0238647 321552128. 52.4640236 5.20701075 0. 5.271018017E-4 0.
 1 328 0 T T 2.51274729 12.9090986 1. 0.5 0.5 0. 307.024567 57.0245628 320923808. 52.4346771 5.20701075 0. 5.271018017E-4 0.
 1 329 0 T T 2.56274724 12.9590988 1. 0.5 0.5 0. 309.985657 59.9856644 320304640. 52.4057198 5.20701075 0. 5.271018017E-4 0.
 1 330 0 T T 2.61274719 13.009099 1. 0.5 0.5 0. 312.88208 62.8820953 319699840. 52.3773918 5.20701075 0. 5.271018017E-4 0.
 1 331 0 T T 2.66274714 13.0590992 1. 0.5 0.5 0. 315.617737 65.6177216 319129376. 52.3506432 5.20701075 0. 5.271018017E-4 0.
 1 332 0 T T 2.7127471 13.1090994 1. 0.5 0.5 0. 318.299377 68.2993774 318570880. 52.3244171 5.20701075 0. 5.271018017E-4 0.
 1 333 0 T T 2.76274705 13.1590996 1. 0.5 0.5 0. 320.927063 70.9270554 318024320. 52.2987213 5.20701075 0. 5.271018017E-4 0.
 1 334 0 T T 2.812747 13.2090998 1. 0.5 0.5 0. 323.500763 73.5007629 317489632. 52.2735558 5.20701075 0. 5.271018017E-4 0.
 1 335 0 T T 2.86274695 13.2591 1. 0.5 0.5 0. 326.020508 76.0205002 316966784. 52.2489243 5.20701075 0. 5.271018017E-4 0.
 1 336 0 T T 2.91274691 13.3091002 1. 0.5 0.5 0. 328.486267 78.4862595 316455744. 52.2248116 5.20701075 0. 5.271018017E-4 0.
 1 337 0 T T 2.96274686 13.3591003 1. 0.5 0.5 0. 330.898071 80.898056 315956448. 52.2012253 5.20701075 0. 5.271018017E-4 0.
 1 338 0 T T 3.01274681 13.4091005 1. 0.5 0.5 0. 333.68222 83.6822281 315380736. 52.173996 5.20701075 0. 5.271018017E-4 0.
 1 339 0 T T 3.06274676 13.4591007 1. 0.5 0.5 0. 337.639984 87.6399918 314563424. 52.1352882 5.20701075 0. 5.271018017E-4 0.
 1 340 0 T T 3.11274672 13.5091009 1. 0.5 0.5 0. 341.514343 91.514328 313764800. 52.0973778 5.20701075 0. 5.271018017E-4 0.
 1 341 0 T T 3.16274667 13.5591011 1. 0.5 0.5 0. 345.305237 95.3052292 312984800. 52.0603065 5.20701075 0. 5.271018017E-4 0.
 1 342 0 T T 3.21274662 13.6091013 1. 0.5 0.5 0. 349.012695 99.0126953 312223328. 52.024044 5.20701075 0. 5.271018017E-4 0.
 1 343 0 T T 3.26274657 13.6591015 1. 0.5 0.5 0. 352.636749 102.636742 311480256. 51.9885979 5.20701075 0. 5.271018017E-4 0.
 1 344 0 T T 3.31274652 13.7091017 1. 0.5 0.5 0. 356.177338 106.177345 310755552. 51.9539642 5.20701075 0. 5.271018017E-4 0.
 1 345 0 T T 3.36274648 13.7591019 1. 0.5 0.5 0. 359.634521 109.634529 310049088. 51.9201469 5.20701075 0. 5.271018017E-4 0.
 1 346 0 T T 3.41274643 13.8091021 1. 0.5 0.5 0. 363.00827 113.00827 309360800. 51.8871574 5.20701075 0. 5.271018017E-4 0.
 1 347 0 T T 3.46274638 13.8591022 1. 0.5 0.5 0. 366.298584 116.298599 308690592. 51.8549805 5.20701075 0. 5.271018017E-4 0.
 1 348 0 T T 3.51274633 13.9091024 1. 0.5 0.5 0. 369.505493 119.505478 308038400. 51.8236122 5.20701075 0. 5.271018017E-4 0.
 1 349 0 T T 3.56274629 13.9591026 1. 0.5 0.5 0. 372.628937 122.628929 307404128. 51.7930603 5.20701075 0. 5.271018017E-4 0.
 1 350 0 T T 3.61274624 14.0091028 1. 0.5 0.5 0. 375.633362 125.633362 306794912. 51.7636795 5.20701075 0. 5.271018017E-4 0.
 1 351 0 T T 3.66274619 14.059103 1. 0.5 0.5 0. 378.386688 128.386688 306237408. 51.7367592 5.20701075 0. 5.271018017E-4 0.
 1 352 0 T T 3.71274614 14.1091032 1. 0.5 0.5 0. 381.043396 131.043396 305700192. 51.7107887 5.20701075 0. 5.271018017E-4 0.
 1 353 0 T T 3.7627461 14.1591034 1. 0.5 0.5 0. 383.603485 133.603485 305183136. 51.68573 5.20701075 0. 5.271018017E-4 0.
 1 354 0 T T 3.81274605 14.2091036 1. 0.5 0.5 0. 386.066956 136.066971 304686208. 51.6616554 5.20701075 0. 5.271018017E-4 0.
 1 355 0 T T 3.862746 14.2591038 1. 0.5 0.5 0. 388.433838 138.433853 304209312. 51.638504 5.20701075 0. 5.271018017E-4 0.
 1 356 0 T T 3.91274595 14.309104 1. 0.5 0.5 0. 390.704132 140.704132 303752384. 51.6163139 5.20701075 0. 5.271018017E-4 0.
 1 357 0 T T 3.9627459 14.3591042 1. 0.5 0.5 0. 392.877808 142.877792 303315392. 51.5950508 5.20701075 0. 5.271018017E-4 0.
 1 358 0 T T 4.01274586 14.4091043 1. 0.5 0.5 0. 395.194946 145.194931 302850016. 51.5723953 5.20701075 0. 5.271018017E-4 0.
 1 359 0 T T 4.06274605 14.4591045 1. 0.5 0.5 0. 398.102295 148.10231 302266752. 51.5439682 5.20701075 0. 5.271018017E-4 0.
 1 360 0 T T 4.11274624 14.5091047 1. 0.5 0.5 0. 400.889465 150.88945 301708352. 51.516716 5.20701075 0. 5.271018017E-4 0.
 1 361 0 T T 4.16274643 14.5591049 1. 0.5 0.5 0. 403.556335 153.556335 301174752. 51.4906349 5.20701075 0. 5.271018017E-4 0.
 1 362 0 T T 4.21274662 14.6091051 1. 0.5 0.5 0. 406.102966 156.102966 300665856. 51.4657326 5.20701075 0. 5.271018017E-4 0.
 1 363 0 T T 4.26274681 14.6591053 1. 0.5 0.5 0. 408.529358 158.529343 300181600. 51.4419937 5.20701075 0. 5.271018017E-4 0.
 1 364 0 T T 4.312747 14.7091055 1. 0.5 0.5 0. 410.83548 160.83548 299721856. 51.4194565 5.20701075 0. 5.271018017E-4 0.
 1 365 0 T T 4.36274719 14.7591057 1. 0.5 0.5 0. 413.021362 163.021347 299286560. 51.3980827 5.20701075 0. 5.271018017E-4 0.
 1 366 0 T T 4.41274738 14.8091059 1. 0.5 0.5 0. 415.086975 165.086975 298875648. 51.3778915 5.20701075 0. 5.271018017E-4 0.
 1 367 0 T T 4.46274757 14.8591061 1. 0.5 0.5 0. 417.032349 167.032364 298489024. 51.3588562 5.20701075 0. 5.271018017E-4 0.
 1 368 0 T T 4.51274776 14.9091063 1. 0.5 0.5 0. 418.857483 168.857483 298126624. 51.3410187 5.20701075 0. 5.271018017E-4 0.
 1 369 0 T T 4.56274796 14.9591064 1. 0.5 0.5 0. 420.562317 170.562332 297788416. 51.3243484 5.20701075 0. 5.271018017E-4 0.
 1 370 0 T T 4.61274815 15.0091066 1. 0.5 0.5 0. 422.133972 172.133957 297476896. 51.308979 5.20701075 0. 5.271018017E-4 0.
 1 371 0 T T 4.66274834 15.0591068 1. 0.5 0.5 0. 423.524963 173.524979 297201376. 51.2953949 5.20701075 0. 5.271018017E-4 0.
 1 372 0 T T 4.71274853 15.109107 1. 0.5 0.5 0. 424.792358 174.792374 296950496. 51.2829933 5.20701075 0. 5.271018017E-4 0.
 1 373 0 T T 4.76274872 15.1591072 1. 0.5 0.5 0. 425.936157 175.936157 296724224. 51.2718201 5.20701075 0. 5.271018017E-4 0.
 1 374 0 T T 4.81274891 15.2091074 1. 0.5 0.5 0. 426.956299 176.956299 296522528. 51.2618446 5.20701075 0. 5.271018017E-4 0.
 1 375 0 T T 4.8627491 15.2591076 1. 0.5 0.5 0. 427.852814 177.852814 296345376. 51.2530861 5.20701075 0. 5.271018017E-4 0.
 1 376 0 T T 4.91274929 15.3091078 1. 0.5 0.5 0. 428.625732 178.625717 296192704. 51.2455215 5.20701075 0. 5.271018017E-4 0.
 1 377 0 T T 4.96274948 15.359108 1. 0.5 0.5 0. 429.274994 179.274994 296064512. 51.2391815 5.20701075 0. 5.271018017E-4 0.
 1 378 0 T T 5.01274967 15.4091082 1. 0.5 0.5 0. 429.881042 179.881042 295944896. 51.2332573 5.20701075 0. 5.271018017E-4 0.
 1 379 0 T T 5.06274986 15.4591084 1. 0.5 0.5 0. 430.591583 180.591583 295804672. 51.2263184 5.20701075 0. 5.271018017E-4 0.
 1 380 0 T T 5.11275005 15.5091085 1. 0.5 0.5 0. 431.167572 181.167572 295691040. 51.2206879 5.20701075 0. 5.271018017E-4 0.
 1 381 0 T T 5.16275024 15.5591087 1. 0.5 0.5 0. 431.60907 181.609055 295603968. 51.2163773 5.20701075 0. 5.271018017E-4 0.
 1 382 0 T T 5.21275043 15.6091089 1. 0.5 0.5 0. 431.915985 181.915985 295543456. 51.2133751 5.20701075 0. 5.271018017E-4 0.
 1 383 0 T T 5.26275063 15.6591091 1. 0.5 0.5 0. 432.088379 182.088394 295509472. 51.211689 5.20701075 0. 5.271018017E-4 0.
 1 384 0 T T 5.31275082 15.7091093 1. 0.5 0.5 0. 432.126251 182.126251 295502016. 51.2113075 5.20701075 0. 5.271018017E-4 0.
 1 385 0 T T 5.36275101 15.7591095 1. 0.5 0.5 0. 432.029572 182.029572 295521088. 51.2122612 5.20701075 0. 5.271018017E-4 0.
 1 386 0 T T 5.4127512 15.8091097 1. 0.5 0.5 0. 431.79837 181.79837 295566688. 51.2145195 5.20701075 0. 5.271018017E-4 0.
 1 387 0 T T 5.46275139 15.8591099 1. 0.5 0.5 0. 431.432617 181.432632 295638816. 51.2180977 5.20701075 0. 5.271018017E-4 0.
 1 388 0 T T 5.51275158 15.9091101 1. 0.5 0.5 0. 430.932373 180.932373 295737472. 51.2229843 5.20701075 0. 5.271018017E-4 0.
 1 389 0 T T 5.56275177 15.9591103 1. 0.5 0.5 0. 430.297546 180.297562 295862688. 51.2291908 5.20701075 0. 5.271018017E-4 0.
 1 390 0 T T 5.61275196 16.0091095 1. 0.5 0.5 0. 429.586182 179.586197 296003040. 51.2361374 5.20701075 0. 5.271018017E-4 0.
 1 391 0 T T 5.66275215 16.0591087 1. 0.5 0.5 0. 429.006592 179.006592 296117440. 51.2418098 5.20701075 0. 5.271018017E-4 0.
 1 392 0 T T 5.71275234 16.109108 1. 0.5 0.5 0. 428.303345 178.303345 296256288. 51.2486725 5.20701075 0. 5.271018017E-4 0.
 1 393 0 T T 5.76275253 16.1591072 1. 0.5 0.5 0. 427.476501 177.476501 296419584. 51.256752 5.20701075 0. 5.271018017E-4 0.
 1 394 0 T T 5.81275272 16.2091064 1. 0.5 0.5 0. 426.526001 176.526016 296607360. 51.266037 5.20701075 0. 5.271018017E-4 0.
 1 395 0 T T 5.86275291 16.2591057 1. 0.5 0.5 0. 425.451904 175.45192 296819648. 51.2765388 5.20701075 0. 5.271018017E-4 0.
 1 396 0 T T 5.91275311 16.3091049 1. 0.5 0.5 0. 424.254211 174.254196 297056512. 51.2882385 5.20701075 0. 5.271018017E-4 0.
 1 397 0 T T 5.9627533 16.3591042 1. 0.5 0.5 0. 422.932861 172.932861 297317952. 51.3011436 5.20701075 0. 5.271018017E-4 0.
 1 398 0 T T 6.01275349 16.4091034 1. 0.5 0.5 0. 421.469879 171.469879 297607616. 51.3154411 5.20701075 0. 5.271018017E-4 0.
 1 399 0 T T 6.06275368 16.4591026 1. 0.5 0.5 0. 419.832794 169.832794 297932000. 51.3314247 5.20701075 0. 5.271018017E-4 0.
 1 400 0 T T 6.11275387 16.5091019 1. 0.5 0.5 0. 418.0755 168.075485 298280448. 51.3485985 5.20701075 0. 5.271018017E-4 0.
 1 401 0 T T 6.16275406 16.5591011 1. 0.5 0.5 0. 416.197876 166.197891 298653056. 51.3669281 5.20701075 0. 5.271018017E-4 0.
 1 402 0 T T 6.21275425 16.6091003 1. 0.5 0.5 0. 414.200073 164.200058 299049888. 51.3864517 5.20701075 0. 5.271018017E-4 0.
 1 403 0 T T 6.26275444 16.6590996 1. 0.5 0.5 0. 412.08197 162.08197 299471008. 51.407135 5.20701075 0. 5.271018017E-4 0.
 1 404 0 T T 6.31275463 16.7090988 1. 0.5 0.5 0. 409.843628 159.843643 299916480. 51.4290085 5.20701075 0. 5.271018017E-4 0.
 1 405 0 T T 6.36275482 16.7590981 1. 0.5 0.5 0. 407.485046 157.485062 300386368. 51.4520416 5.20701075 0. 5.271018017E-4 0.
 1 406 0 T T 6.41275501 16.8090973 1. 0.5 0.5 0. 405.006226 155.006226 300880768. 51.4762497 5.20701075 0. 5.271018017E-4 0.
 1 407 0 T T 6.4627552 16.8590965 1. 0.5 0.5 0. 402.407166 152.40715 301399776. 51.5016327 5.20701075 0. 5.271018017E-4 0.
 1 408 0 T T 6.51275539 16.9090958 1. 0.5 0.5 0. 399.687805 149.68782 301943456. 51.5282021 5.20701075 0. 5.271018017E-4 0.
 1 409 0 T T 6.56275558 16.959095 1. 0.5 0.5 0. 396.848267 146.848251 302511904. 51.5559235 5.20701075 0. 5.271018017E-4 0.
 1 410 0 T T 6.61275578 17.0090942 1. 0.5 0.5 0. 394.060638 144.060638 303070720. 51.5831451 5.20701075 0. 5.271018017E-4 0.
 1 411 0 T T 6.66275597 17.0590935 1. 0.5 0.5 0. 391.941406 141.941422 303496096. 51.6038475 5.20701075 0. 5.271018017E-4 0.
 1 412 0 T T 6.71275616 17.1090927 1. 0.5 0.5 0. 389.725616 139.725616 303941312. 51.6254959 5.20701075 0. 5.271018017E-4 0.
 1 413 0 T T 6.76275635 17.1590919 1. 0.5 0.5 0. 387.413208 137.413193 304406432. 51.6480751 5.20701075 0. 5.271018017E-4 0.
 1 414 0 T T 6.81275654 17.2090912 1. 0.5 0.5 0. 385.00415 135.004166 304891488. 51.671608 5.20701075 0. 5.271018017E-4 0.
 1 415 0 T T 6.86275673 17.2590904 1. 0.5 0.5 0. 382.498535 132.498535 305396576. 51.6960831 5.20701075 0. 5.271018017E-4 0.
 1 416 0 T T 6.91275692 17.3090897 1. 0.5 0.5 0. 379.896301 129.896286 305921760. 51.721489 5.20701075 0. 5.271018017E-4 0.
 1 417 0 T T 6.96275711 17.3590889 1. 0.5 0.5 0. 377.197418 127.197426 306467104. 51.7478638 5.20701075 0. 5.271018017E-4 0.
 1 418 0 T T 7.0127573 17.4090881 1. 0.5 0.5 0. 374.352844 124.352829 307042656. 51.775631 5.20701075 0. 5.271018017E-4 0.
 1 419 0 T T 7.06275749 17.4590874 1. 0.5 0.5 0. 371.276428 121.276421 307665920. 51.8056831 5.20701075 0. 5.271018017E-4 0.
 1 420 0 T T 7.11275768 17.5090866 1. 0.5 0.5 0. 368.116577 118.116585 308307040. 51.8365364 5.20701075 0. 5.271018017E-4 0.
 1 421 0 T T 7.16275787 17.5590858 1. 0.5 0.5 0. 364.873322 114.873314 308966048. 51.8682098 5.20701075 0. 5.271018017E-4 0.
 1 422 0 T T 7.21275806 17.6090851 1. 0.5 0.5 0. 361.546631 111.546623 309643040. 51.9006882 5.20701075 0. 5.271018017E-4 0.
 1 423 0 T T 7.26275826 17.6590843 1. 0.5 0.5 0. 358.136475 108.13649 310338112. 51.9340019 5.20701075 0. 5.271018017E-4 0.
 1 424 0 T T 7.31275845 17.7090836 1. 0.5 0.5 0. 354.642944 104.642937 311051296. 51.9681091 5.20701075 0. 5.271018017E-4 0.
 1 425 0 T T 7.36275864 17.7590828 1. 0.5 0.5 0. 351.065948 101.065941 311782752. 52.0030289 5.20701075 0. 5.271018017E-4 0.
 1 426 0 T T 7.41275883 17.809082 1. 0.5 0.5 0. 347.405518 97.4055328 312532480. 52.0387726 5.20701075 0. 5.271018017E-4 0.
 1 427 0 T T 7.46275902 17.8590813 1. 0.5 0.5 0. 343.661682 93.6616821 313300640. 52.0753365 5.20701075 0. 5.271018017E-4 0.
 1 428 0 T T 7.51275921 17.9090805 1. 0.5 0.5 0. 339.834412 89.834404 314087264. 52.1126938 5.20701075 0. 5.271018017E-4 0.
 1 429 0 T T 7.5627594 17.9590797 1. 0.5 0.5 0. 335.923706 85.9236908 314892480. 52.1508751 5.20701075 0. 5.271018017E-4 0.
 1 430 0 T T 7.61275959 18.009079 1. 0.5 0.5 0. 332.234406 82.2343979 315653536. 52.1868973 5.20701075 0. 5.271018017E-4 0.
 1 431 0 T T 7.66275978 18.0590782 1. 0.5 0.5 0. 329.853027 79.853035 316145600. 52.2101707 5.20701075 0. 5.271018017E-4 0.
 1 432 0 T T 7.71275997 18.1090775 1. 0.5 0.5 0. 327.417725 77.4177094 316649408. 52.2339401 5.20701075 0. 5.271018017E-4 0.
 1 433 0 T T 7.76276016 18.1590767 1. 0.5 0.5 0. 324.928406 74.9284058 317164960. 52.2582664 5.20701075 0. 5.271018017E-4 0.
 1 434 0 T T 7.81276035 18.2090759 1. 0.5 0.5 0. 322.385132 72.3851242 317692288. 52.2831039 5.20701075 0. 5.271018017E-4 0.
 1 435 0 T T 7.86276054 18.2590752 1. 0.5 0.5 0. 319.787872 69.7878723 318231456. 52.3084641 5.20701075 0. 5.271018017E-4 0.
 1 436 0 T T 7.91276073 18.3090744 1. 0.5 0.5 0. 317.136658 67.1366501 318782464. 52.334362 5.20701075 0. 5.271018017E-4 0.
 1 437 0 T T 7.96276093 18.3590736 1. 0.5 0.5 0. 314.431458 64.4314575 319345408. 52.3607864 5.20701075 0. 5.271018017E-4 0.
 1 438 0 T T 8.01276112 18.4090729 1. 0.5 0.5 0. 311.637939 61.637928 319927488. 52.3880653 5.20701075 0. 5.271018017E-4 0.
 1 439 0 T T 8.06276131 18.4590721 1. 0.5 0.5 0. 308.699158 58.6991615 320540608. 52.4167633 5.20701075 0. 5.271018017E-4 0.
 1 440 0 T T 8.1127615 18.5090714 1. 0.5 0.5 0. 305.720795 55.7207985 321162848. 52.4458542 5.20701075 0. 5.271018017E-4 0.
 1 441 0 T T 8.16276169 18.5590706 1. 0.5 0.5 0. 302.70282 52.7028351 321794208. 52.4753227 5.20701075 0. 5.271018017E-4 0.
 1 442 0 T T 8.21276188 18.6090698 1. 0.5 0.5 0. 299.645264 49.6452713 322434752. 52.5051804 5.20701075 0. 5.271018017E-4 0.
 1 443 0 T T 8.26276207 18.6590691 1. 0.5 0.5 0. 296.548096 46.548111 323084544. 52.5354233 5.20701075 0. 5.271018017E-4 0.
 1 444 0 T T 8.31276226 18.7090683 1. 0.5 0.5 0. 293.411346 43.4113541 323743584. 52.5660553 5.20701075 0. 5.271018017E-4 0.
 1 445 0 T T 8.36276245 18.7590675 1. 0.5 0.5 0. 290.234985 40.2349968 324411904. 52.597084 5.20701075 0. 5.271018017E-4 0.
 1 446 0 T T 8.41276264 18.8090668 1. 0.5 0.5 0. 287.019043 37.019043 325089568. 52.6284904 5.20701075 0. 5.271018017E-4 0.
 1 447 0 T T 8.46276283 18.859066 1. 0.5 0.5 0. 283.763489 33.7634888 325776608. 52.6602707 5.20701075 0. 5.271018017E-4 0.
 1 448 0 T T 8.51276302 18.9090652 1. 0.5 0.5 0. 280.468323 30.4683361 326473056. 52.6924591 5.20701075 0. 5.271018017E-4 0.
 1 449 0 T T 8.56276321 18.9590645 1. 0.5 0.5 0. 277.133575 27.1335888 327178912. 52.7250214 5.20701075 0. 5.271018017E-4 0.
 1 450 0 T T 8.6127634 19.0090637 1. 0.5 0.5 0. 274.177551 24.1775532 327805568. 52.753891 5.20701075 0. 5.271018017E-4 0.
 1 451 0 T T 8.6627636 19.059063 1. 0.5 0.5 0. 273.086487 23.0864925 328037184. 52.7645454 5.20701075 0. 5.271018017E-4 0.
 1 452 0 T T 8.71276379 19.1090622 1. 0.5 0.5 0. 271.98175 21.981739 328271808. 52.775341 5.20701075 0. 5.271018017E-4 0.
 1 453 0 T T 8.76276398 19.1590614 1. 0.5 0.5 0. 270.863281 20.8632908 328509472. 52.7862625 5.20701075 0. 5.271018017E-4 0.
 1 454 0 T T 8.81276417 19.2090607 1. 0.5 0.5 0. 269.73114 19.7311478 328750208. 52.7973289 5.20701075 0. 5.271018017E-4 0.
 1 455 0 T T 8.86276436 19.2590599 1. 0.5 0.5 0. 268.585327 18.5853119 328993984. 52.8085213 5.20701075 0. 5.271018017E-4 0.
 1 456 0 T T 8.91276455 19.3090591 1. 0.5 0.5 0. 267.425781 17.4257813 329240800. 52.8198624 5.20701075 0. 5.271018017E-4 0.
 1 457 0 T T 8.96276474 19.3590584 1. 0.5 0.5 0. 266.252563 16.2525558 329490656. 52.8313141 5.20701075 0. 5.271018017E-4 0.
 1 458 0 T T 9.01276493 19.4090576 1. 0.5 0.5 0. 265.055908 15.0558968 329745600. 52.8430023 5.20701075 0. 5.271018017E-4 0.
 1 459 0 T T 9.06276512 19.4590569 1. 0.5 0.5 0. 263.821198 13.8211889 330008800. 52.8550758 5.20701075 0. 5.271018017E-4 0.
 1 460 0 T T 9.11276531 19.5090561 1. 0.5 0.5 0. 262.579254 12.5792427 330273728. 52.8671951 5.20701075 0. 5.271018017E-4 0.
 1 461 0 T T 9.1627655 19.5590553 1. 0.5 0.5 0. 261.330048 11.3300562 330540352. 52.8794022 5.20701075 0. 5.271018017E-4 0.
 1 462 0 T T 9.21276569 19.6090546 1. 0.5 0.5 0. 260.073639 10.0736303 330808640. 52.8916817 5.20701075 0. 5.271018017E-4 0.
 1 463 0 T T 9.26276588 19.6590538 1. 0.5 0.5 0. 258.809967 8.80996513 331078656. 52.9040413 5.20701075 0. 5.271018017E-4 0.
 1 464 0 T T 9.31276608 19.709053 1. 0.5 0.5 0. 257.539063 7.53905964 331350400. 52.9164581 5.20701075 0. 5.271018017E-4 0.
 1 465 0 T T 9.36276627 19.7590523 1. 0.5 0.5 0. 256.260925 6.26091671 331623808. 52.9289322 5.20701075 0. 5.271018017E-4 0.
 1 466 0 T T 9.41276646 19.8090515 1. 0.5 0.5 0. 254.97554 4.97553301 331898944. 52.9414902 5.20701075 0. 5.271018017E-4 0.
 1 467 0 T T 9.46276665 19.8590508 1. 0.5 0.5 0. 253.682907 3.68290973 332175776. 52.9541283 5.20701075 0. 5.271018017E-4 0.
 1 468 0 T T 9.51276684 19.90905 1. 0.5 0.5 0. 252.383041 2.38304758 332454336. 52.9668312 5.20701075 0. 5.271018017E-4 0.
 1 469 0 T T 9.56276703 19.9590492 1. 0.5 0.5 0. 251.075943 1.07594573 332734624. 52.9795876 5.20701075 0. 5.271018017E-4 0.
 1 470 0 T T 9.61276722 1.00904846 1. 0.5 0.5 0. 250.238388 0.238383919 332914336. 52.9877701 5.20701075 0. 5.271018017E-4 0.
 1 471 0 T T 9.66276741 1.05904841 1. 0.5 0.5 0. 251.559967 1.55997097 332630656. 52.974865 5.20701075 0. 5.271018017E-4 0.
 1 472 0 T T 9.7127676 1.10904837 1. 0.5 0.5 0. 252.888794 2.88878965 332345600. 52.9618683 5.20701075 0. 5.271018017E-4 0.
 1 473 0 T T 9.76276779 1.15904832 1. 0.5 0.5 0. 254.224854 4.22484732 332059168. 52.9487991 5.20701075 0. 5.271018017E-4 0.
 1 474 0 T T 9.81276798 1.20904827 1. 0.5 0.5 0. 255.568146 5.5681448 331771360. 52.9356766 5.20701075 0. 5.271018017E-4 0.
 1 475 0 T T 9.86276817 1.25904822 1. 0.5 0.5 0. 256.918671 6.91868162 331482176. 52.9224739 5.20701075 0. 5.271018017E-4 0.
 1 476 0 T T 9.91276836 1.30904818 1. 0.5 0.5 0. 258.276459 8.27645779 331191648. 52.9091873 5.20701075 0. 5.271018017E-4 0.
 1 477 0 T T 9.96276855 1.35904813 1. 0.5 0.5 0. 259.641479 9.64147377 330899744. 52.8958588 5.20701075 0. 5.271018017E-4 0.
 1 478 0 T T 10.0127687 1.40904808 1. 0.5 0.5 0. 261.006165 11.0061665 330608096. 52.8824997 5.20701075 0. 5.271018017E-4 0.
 1 479 0 T T 10.0627689 1.45904803 1. 0.5 0.5 0. 262.351501 12.3515034 330320768. 52.8693657 5.20701075 0. 5.271018017E-4 0.
 1 480 0 T T 10.1127691 1.50904799 1. 0.5 0.5 0. 263.696838 13.6968403 330033600. 52.8562241 5.20701075 0. 5.271018017E-4 0.
 1 481 0 T T 10.1627693 1.55904794 1. 0.5 0.5 0. 265.042175 15.0421782 329746624. 52.8430519 5.20701075 0. 5.271018017E-4 0.
 1 482 0 T T 10.2127695 1.60904789 1. 0.5 0.5 0. 266.387512 16.387516 329459840. 52.8299026 5.20701075 0. 5.271018017E-4 0.
 1 483 0 T T 10.2627697 1.65904784 1. 0.5 0.5 0. 267.732849 17.7328548 329173216. 52.8167534 5.20701075 0. 5.271018017E-4 0.
 1 484 0 T T 10.3127699 1.70904779 1. 0.5 0.5 0. 269.078186 19.0781937 328886752. 52.8035965 5.20701075 0. 5.271018017E-4 0.
 1 485 0 T T 10.3627701 1.75904775 1. 0.5 0.5 0. 270.423523 20.4235306 328600480. 52.7904434 5.20701075 0. 5.271018017E-4 0.
 1 486 0 T T 10.4127703 1.8090477 1. 0.5 0.5 0. 271.76886 21.7688694 328314400. 52.7773056 5.20701075 0. 5.271018017E-4 0.
 1 487 0 T T 10.4627705 1.85904765 1. 0.5 0.5 0. 273.114197 23.1142063 328028480. 52.7641563 5.20701075 0. 5.271018017E-4 0.
 1 488 0 T T 10.5127707 1.9090476 1. 0.5 0.5 0. 274.459534 24.4595451 327742752. 52.7509956 5.20701075 0. 5.271018017E-4 0.
 1 489 0 T T 10.5627708 1.95904756 1. 0.5 0.5 0. 275.804871 25.804884 327457184. 52.7378464 5.20701075 0. 5.271018017E-4 0.
 1 490 0 T T 10.612771 2.00904751 1. 0.5 0.5 0. 277.610718 27.6107159 327074112. 52.7201843 5.20701075 0. 5.271018017E-4 0.
 1 491 0 T T 10.6627712 2.05904746 1. 0.5 0.5 0. 281.500916 31.5009232 326249600. 52.6821518 5.20701075 0. 5.271018017E-4 0.
 1 492 0 T T 10.7127714 2.10904741 1. 0.5 0.5 0. 285.391113 35.3911285 325426560. 52.6440773 5.20701075 0. 5.271018017E-4 0.
 1 493 0 T T 10.7627716 2.15904737 1. 0.5 0.5 0. 289.281342 39.2813377 324604992. 52.6060257 5.20701075 0. 5.271018017E-4 0.
 1 494 0 T T 10.8127718 2.20904732 1. 0.5 0.5 0. 293.171539 43.1715431 323784896. 52.5679893 5.20701075 0. 5.271018017E-4 0.
 1 495 0 T T 10.862772 2.25904727 1. 0.5 0.5 0. 297.061737 47.0617485 322966272. 52.5299263 5.20701075 0. 5.271018017E-4 0.
 1 496 0 T T 10.9127722 2.30904722 1. 0.5 0.5 0. 300.951965 50.9519577 322149152. 52.4918785 5.20701075 0. 5.271018017E-4 0.
 1 497 0 T T 10.9627724 2.35904717 1. 0.5 0.5 0. 304.842163 54.8421631 321333504. 52.4538193 5.20701075 0. 5.271018017E-4 0.
 1 498 0 T T 11.0127726 2.40904713 1. 0.5 0.5 0. 308.692017 58.6920013 320527776. 52.4161644 5.20701075 0. 5.271018017E-4 0.
 1 499 0 T T 11.0627728 2.45904708 1. 0.5 0.5 0. 312.411041 62.4110451 319750816. 52.3797989 5.20701075 0. 5.271018017E-4 0.
 1 500 0 T T 11.1127729 2.50904703 1. 0.5 0.5 0. 316.109161 66.1091614 318979584. 52.3436089 5.20701075 0. 5.271018017E-4 0.
