 20 30 20 1 1
 1 0 0 T F 5.11276817 15.5091267 11.5201359 0.5 0.5 0. 5510.06787 0. 49778.418 264.450836 322.855682 5. 0. 0. 0.
 1 1 0 T F 5.1137681 15.5101271 11.5556097 0.5 0.5 0. 5527.80518 0. 49664.3555 264.277374 322.855682 17.7370796 0. 0. 0.
 1 2 0 T F 5.11476803 15.5111275 11.6165543 0.5 0.5 0. 5558.27734 0. 49468.7188 263.979156 322.855682 30.4722862 0. 0. 0.
 1 3 0 T F 5.11576796 15.5121279 11.7029629 0.5 0.5 0. 5601.48145 0. 49192.1211 263.556091 322.855682 43.2042656 0. 0. 0.
 1 4 0 T F 5.11676788 15.5131283 11.814826 0.5 0.5 0. 5657.41309 0. 48835.4688 263.008057 322.855682 55.9316368 0. 0. 0.
 1 5 0 T F 5.11776781 15.5141287 11.9521322 0.5 0.5 0. 5726.06592 0. 48399.9688 262.334991 322.855682 68.6530075 0. 0. 0.
 1 6 0 T F 5.11876774 15.5151291 12.1148663 0.5 0.5 0. 5807.43311 0. 47887.1055 261.536804 322.855682 81.366951 0. 0. 0.
 1 7 0 T F 5.11976767 15.5161295 12.303031 0.5 0.5 0. 5901.51514 0. 47298.5938 260.613281 322.855682 94.0822678 0. 0. 0.
 1 8 0 T F 5.12076759 15.5171299 12.5166388 0.5 0.5 0. 6008.31934 0. 46636.375 259.56427 322.855682 106.804108 0. 0. 0.
 1 9 0 T F 5.12176752 15.5181303 12.7557058 0.5 0.5 0. 6127.85254 0. 45902.6523 258.389496 322.855682 119.533379 0. 0. 0.
 1 10 0 T F 5.12276745 15.5191307 13.0202475 0.5 0.5 0. 6260.12354 0. 45099.8828 257.088684 322.855682 132.270996 0. 0. 0.
 1 11 0 T F 5.12376738 15.5201311 13.3102932 0.5 0.5 0. 6405.146 0. 44230.7383 255.66156 322.855682 145.02269 0. 0. 0.
 1 12 0 T F 5.1247673 15.5211315 13.6260014 0.5 0.5 0. 6563.00049 0. 43297.7461 254.107132 322.855682 157.854309 0. 0. 0.
 1 13 0 T F 5.12576723 15.5221319 13.9675512 0.5 0.5 0. 6733.77539 0. 42303.6328 252.424332 322.855682 170.774719 0. 0. 0.
 1 14 0 T F 5.12676716 15.5231323 14.3351383 0.5 0.5 0. 6917.56885 0. 41251.332 250.611984 322.855682 183.793365 0. 0. 0.
 1 15 0 T F 5.12776709 15.5241327 14.7268429 0.5 0.5 0. 7113.4209 0. 40149.9766 248.679459 322.855682 195.852203 0. 0. 0.
 1 16 0 T F 5.12876701 15.5251331 15.1406212 0.5 0.5 0. 7320.31006 0. 39008.8164 246.636719 322.855682 206.889359 0. 0. 0.
 1 17 0 T F 5.12976694 15.5261335 15.5751638 0.5 0.5 0. 7537.58105 0. 37834.8125 244.490189 322.855682 217.271118 0. 0. 0.
 1 18 0 T F 5.13076687 15.5271339 16.0304413 0.5 0.5 0. 7765.21973 0. 36631.332 242.239807 322.855682 227.638428 0. 0. 0.
 1 19 0 T F 5.1317668 15.5281343 16.5065136 0.5 0.5 0. 8003.25537 0. 35401.5938 239.885132 322.855682 238.035873 0. 0. 0.
 1 20 0 T F 5.13276672 15.5291348 17.0048599 0.5 0.5 0. 8252.42871 0. 34145.3203 237.418549 322.855682 249.173492 0. 0. 0.
 1 21 0 T F 5.13376665 15.5301352 17.5272121 0.5 0.5 0. 8513.60547 0. 32862.0625 234.831131 322.855682 261.176514 0. 0. 0.
 1 22 0 T F 5.13476658 15.5311356 18.073719 0.5 0.5 0. 8786.8584 0. 31555.6875 232.121933 322.855682 273.252991 0. 0. 0.
 1 23 0 T F 5.13576651 15.532136 18.6445446 0.5 0.5 0. 9072.27148 0. 30230.1328 229.289825 322.855682 285.412659 0. 0. 0.
 1 24 0 T F 5.13676643 15.5331364 19.2399235 0.5 0.5 0. 9369.96094 0. 28889.2754 226.333313 322.855682 297.689697 0. 0. 0.
 1 25 0 T F 5.13776636 15.5341368 19.8597908 0.5 0.5 0. 9679.89453 0. 27537.7637 223.252441 322.855682 309.933563 0. 0. 0.
 1 26 0 T F 5.13876629 15.5351372 20.5035877 0.5 0.5 0. 10001.793 0. 26181.2832 220.049683 322.855682 321.89801 0. 0. 0.
 1 27 0 T F 5.13976622 15.5361376 21.1711292 0.5 0.5 0. 10335.5635 0. 24824.5898 216.725662 322.855682 333.770721 0. 0. 0.
 1 28 0 T F 5.14076614 15.537138 21.8623867 0.5 0.5 0. 10681.1924 0. 23472.0664 213.280106 322.855682 345.628998 0. 0. 0.
 1 29 0 T F 5.14176607 15.5381384 22.5774822 0.5 0.5 0. 11038.7393 0. 22127.7617 209.712006 322.855682 357.547272 0. 0. 0.
 1 30 0 T F 5.142766 15.5391388 23.3162346 0.5 0.5 0. 11408.1152 0. 20796.2441 206.021881 322.855682 369.376465 0. 0. 0.
 1 31 0 T F 5.14376593 15.5401392 24.0782394 0.5 0.5 0. 11789.1182 0. 19482.3438 202.211319 322.855682 381.002502 0. 0. 0.
 1 32 0 T F 5.14476585 15.5411396 24.8629189 0.5 0.5 0. 12181.457 0. 18190.9434 198.282761 322.855682 392.339325 0. 0. 0.
 1 33 0 T F 5.14576578 15.54214 25.6700191 0.5 0.5 0. 12585.0068 0. 16926.1191 194.237045 322.855682 403.549896 0. 0. 0.
 1 34 0 T F 5.14676571 15.5431404 26.4994526 0.5 0.5 0. 12999.7236 0. 15691.4805 190.073959 322.855682 414.71637 0. 0. 0.
 1 35 0 T F 5.14776564 15.5441408 27.3508816 0.5 0.5 0. 13425.4385 0. 14490.8115 185.794693 322.855682 425.714691 0. 0. 0.
 1 36 0 T F 5.14876556 15.5451412 28.223732 0.5 0.5 0. 13861.8643 0. 13327.9375 181.401505 322.855682 436.425415 0. 0. 0.
 1 37 0 T F 5.14976549 15.5461416 29.1172256 0.5 0.5 0. 14308.6113 0. 12206.5742 176.897766 322.855682 446.746643 0. 0. 0.
