 20 30 20 1 1
 1 0 0 T F 5.11276817 15.5091267 11.5201359 0.5 0.5 0. 5691.23584 181.16777 48569.5117 244.007675 300. 5. 5.271018017E-4 0. 5.271018017E-4
 1 1 0 T F 5.1137681 15.5101271 11.5301361 0.5 0.5 0. 5696.24609 181.177872 48535.4453 243.958694 300. 4.99992085 5.271018017E-4 0. 1.
 1 2 0 T F 5.11476803 15.5111275 11.5401354 0.5 0.5 0. 5701.25586 181.187943 48535.4453 243.964447 300.00708 4.99981403 5.247897934E-4 2.312008291E-6 1.0044055
 1 3 0 T F 5.11576796 15.5121279 11.5501366 0.5 0.5 0. 5706.2666 181.197952 48535.4453 243.963669 300.006134 5.0007782 5.251040566E-4 1.99774513E-6 0.99940151
 1 4 0 T F 5.11676788 15.5131283 11.5601416 0.5 0.5 0. 5711.2793 181.207901 48535.4453 243.963776 300.006256 5.00268364 5.25061565E-4 2.040236723E-6 1.00008094
 1 5 0 T F 5.11776781 15.5141287 11.5701523 0.5 0.5 0. 5716.29492 181.217804 48535.4453 243.96376 300.006256 5.00554895 5.250675022E-4 2.034299541E-6 0.999988675
 1 6 0 T F 5.11876774 15.5151291 11.5801706 0.5 0.5 0. 5721.31396 181.227646 48535.4453 243.96376 300.006256 5.00937271 5.250665708E-4 2.035230864E-6 1.00000179
 1 7 0 T F 5.11976767 15.5161295 11.5901985 0.5 0.5 0. 5726.33789 181.237442 48501.3008 243.914658 300.006256 5.01415586 5.250665708E-4 2.035230864E-6 1.
 1 8 0 T F 5.12076759 15.5171299 11.6002359 0.5 0.5 0. 5731.3667 181.247177 48501.3008 243.92041 300.013336 5.01891184 5.227571819E-4 4.344619811E-6 1.00441766
 1 9 0 T F 5.12176752 15.5181303 11.6102858 0.5 0.5 0. 5736.40137 181.256866 48501.3008 243.919632 300.01236 5.02474499 5.230703391E-4 4.031462595E-6 0.999401212
 1 10 0 T F 5.12276745 15.5191307 11.6203489 0.5 0.5 0. 5741.44238 181.266495 48501.3008 243.919739 300.012512 5.03152657 5.230280221E-4 4.073779564E-6 1.00008082
 1 11 0 T F 5.12376738 15.5201311 11.6304274 0.5 0.5 0. 5746.49121 181.276077 48501.3008 243.919724 300.012482 5.03927517 5.230339011E-4 4.067900591E-6 0.999988735
 1 12 0 T F 5.1247673 15.5211315 11.640523 0.5 0.5 0. 5751.54883 181.285599 48501.3008 243.919724 300.012482 5.0479908 5.23033028E-4 4.068773706E-6 1.00000167
 1 13 0 T F 5.12576723 15.5221319 11.6506386 0.5 0.5 0. 5756.61572 181.295059 48501.3008 243.919724 300.012482 5.05767488 5.23033028E-4 4.068773706E-6 0.99999994
 1 14 0 T F 5.12676716 15.5231323 11.6607752 0.5 0.5 0. 5761.69336 181.304474 48501.3008 243.919724 300.012482 5.06833029 5.23033028E-4 4.068773706E-6 0.99999994
 1 15 0 T F 5.12776709 15.5241327 11.6709347 0.5 0.5 0. 5766.78271 181.313843 48501.3008 243.919724 300.012482 5.07995939 5.23033028E-4 4.068773706E-6 0.99999994
 1 16 0 T F 5.12876701 15.5251331 11.6811199 0.5 0.5 0. 5771.88477 181.323135 48501.3008 243.919724 300.012482 5.09256458 5.23033028E-4 4.068773706E-6 0.99999994
 1 17 0 T F 5.12976694 15.5261335 11.6913319 0.5 0.5 0. 5777. 181.332397 48501.3008 243.919724 300.012482 5.1061492 5.23033028E-4 4.068773706E-6 0.99999994
 1 18 0 T F 5.13076687 15.5271339 11.7015734 0.5 0.5 0. 5782.12988 181.341599 48501.3008 243.919724 300.012482 5.12071562 5.23033028E-4 4.068773706E-6 0.99999994
 1 19 0 T F 5.1317668 15.5281343 11.7118464 0.5 0.5 0. 5787.27539 181.350754 48501.3008 243.919724 300.012482 5.13626719 5.23033028E-4 4.068773706E-6 0.99999994
 1 20 0 T F 5.13276672 15.5291348 11.7221518 0.5 0.5 0. 5792.4375 181.359848 48501.3008 243.919724 300.012482 5.15280819 5.23033028E-4 4.068773706E-6 0.99999994
 1 21 0 T F 5.13376665 15.5301352 11.7324924 0.5 0.5 0. 5797.6167 181.368881 48501.3008 243.919724 300.012482 5.17034054 5.23033028E-4 4.068773706E-6 0.99999994
 1 22 0 T F 5.13476658 15.5311356 11.7428703 0.5 0.5 0. 5802.81445 181.377869 48501.3008 243.919724 300.012482 5.188869 5.23033028E-4 4.068773706E-6 0.99999994
 1 23 0 T F 5.13576651 15.532136 11.7532873 0.5 0.5 0. 5808.03174 181.386795 48501.3008 243.919724 300.012482 5.20839739 5.23033028E-4 4.068773706E-6 0.99999994
 1 24 0 T F 5.13676643 15.5331364 11.7637453 0.5 0.5 0. 5813.26953 181.395676 48501.3008 243.919724 300.012482 5.22892952 5.23033028E-4 4.068773706E-6 0.99999994
 1 25 0 T F 5.13776636 15.5341368 11.7742462 0.5 0.5 0. 5818.52881 181.40448 48501.3008 243.919724 300.012482 5.25047016 5.23033028E-4 4.068773706E-6 0.99999994
 1 26 0 T F 5.13876629 15.5351372 11.7847919 0.5 0.5 0. 5823.81055 181.413269 48501.3008 243.919724 300.012482 5.27302408 5.23033028E-4 4.068773706E-6 0.99999994
 1 27 0 T F 5.13976622 15.5361376 11.7953854 0.5 0.5 0. 5829.11572 181.421982 48501.3008 243.919724 300.012482 5.29659557 5.23033028E-4 4.068773706E-6 0.99999994
 1 28 0 T F 5.14076614 15.537138 11.8060274 0.5 0.5 0. 5834.4458 181.430634 48501.3008 243.919724 300.012482 5.32118988 5.23033028E-4 4.068773706E-6 0.99999994
 1 29 0 T F 5.14176607 15.5381384 11.816721 0.5 0.5 0. 5839.80127 181.439255 48501.3008 243.919724 300.012482 5.34681225 5.23033028E-4 4.068773706E-6 0.99999994
 1 30 0 T F 5.142766 15.5391388 11.8274679 0.5 0.5 0. 5845.18311 181.4478 48501.3008 243.919724 300.012482 5.37346745 5.23033028E-4 4.068773706E-6 0.99999994
 1 31 0 T F 5.14376593 15.5401392 11.8382702 0.5 0.5 0. 5850.59277 181.456299 48501.3008 243.919724 300.012482 5.40116119 5.23033028E-4 4.068773706E-6 0.99999994
 1 32 0 T F 5.14476585 15.5411396 11.8491297 0.5 0.5 0. 5856.03125 181.464752 48501.3008 243.919724 300.012482 5.42989969 5.23033028E-4 4.068773706E-6 0.99999994
 1 33 0 T F 5.14576578 15.54214 11.8600492 0.5 0.5 0. 5861.49951 181.473145 48501.3008 243.919724 300.012482 5.45968866 5.23033028E-4 4.068773706E-6 0.99999994
 1 34 0 T F 5.14676571 15.5431404 11.8710299 0.5 0.5 0. 5866.99854 181.481491 48501.3008 243.919724 300.012482 5.49053431 5.23033028E-4 4.068773706E-6 0.99999994
 1 35 0 T F 5.14776564 15.5441408 11.8820744 0.5 0.5 0. 5872.5293 181.489761 48501.3008 243.919724 300.012482 5.52244329 5.23033028E-4 4.068773706E-6 0.99999994
 1 36 0 T F 5.14876556 15.5451412 11.8931856 0.5 0.5 0. 5878.09277 181.498001 48501.3008 243.919724 300.012482 5.55542183 5.23033028E-4 4.068773706E-6 0.99999994
 1 37 0 T F 5.14976549 15.5461416 11.9043646 0.5 0.5 0. 5883.69043 181.50618 48501.3008 243.919724 300.012482 5.58947706 5.23033028E-4 4.068773706E-6 0.99999994
 1 38 0 T F 5.15076542 15.547142 11.9156141 0.5 0.5 0. 5889.32324 181.514297 48501.3008 243.919724 300.012482 5.62461567 5.23033028E-4 4.068773706E-6 0.99999994
 1 39 0 T F 5.15176535 15.5481424 11.9269361 0.5 0.5 0. 5894.99219 181.522369 48501.3008 243.919724 300.012482 5.6608448 5.23033028E-4 4.068773706E-6 0.99999994
 1 40 0 T F 5.15276527 15.5491428 11.9383326 0.5 0.5 0. 5900.69824 181.53038 48501.3008 243.919724 300.012482 5.69817305 5.23033028E-4 4.068773706E-6 0.99999994
 1 41 0 T F 5.1537652 15.5501432 11.9498062 0.5 0.5 0. 5906.44287 181.538345 48501.3008 243.919724 300.012482 5.73660707 5.23033028E-4 4.068773706E-6 0.99999994
 1 42 0 T F 5.15476513 15.5511436 11.9613581 0.5 0.5 0. 5912.22705 181.546249 48501.3008 243.919724 300.012482 5.77615499 5.23033028E-4 4.068773706E-6 0.99999994
 1 43 0 T F 5.15576506 15.5521441 11.9729919 0.5 0.5 0. 5918.05176 181.554108 48501.3008 243.919724 300.012482 5.81682539 5.23033028E-4 4.068773706E-6 0.99999994
 1 44 0 T F 5.15676498 15.5531445 11.9847088 0.5 0.5 0. 5923.91797 181.561905 48501.3008 243.919724 300.012482 5.85862589 5.23033028E-4 4.068773706E-6 0.99999994
 1 45 0 T F 5.15776491 15.5541449 11.9965115 0.5 0.5 0. 5929.82715 181.569656 48501.3008 243.919724 300.012482 5.90156603 5.23033028E-4 4.068773706E-6 0.99999994
 1 46 0 T F 5.15876484 15.5551453 12.0084028 0.5 0.5 0. 5935.78027 181.577347 48501.3008 243.919724 300.012482 5.94565439 5.23033028E-4 4.068773706E-6 0.99999994
 1 47 0 T F 5.15976477 15.5561457 12.0203848 0.5 0.5 0. 5941.77881 181.584976 48501.3008 243.919724 300.012482 5.99089479 5.23033028E-4 4.068773706E-6 0.99999994
 1 48 0 T F 5.16076469 15.5571461 12.0324593 0.5 0.5 0. 5947.82373 181.59256 48501.3008 243.919724 300.012482 6.03729391 5.23033028E-4 4.068773706E-6 0.99999994
 1 49 0 T F 5.16176462 15.5581465 12.0446291 0.5 0.5 0. 5953.91602 181.600113 48501.3008 243.919724 300.012482 6.08486128 5.23033028E-4 4.068773706E-6 0.99999994
 1 50 0 T F 5.16276455 15.5591469 12.0568962 0.5 0.5 0. 5960.05713 181.60759 48501.3008 243.919724 300.012482 6.13360643 5.23033028E-4 4.068773706E-6 0.99999994
 1 51 0 T F 5.16376448 15.5601473 12.0692635 0.5 0.5 0. 5966.24805 181.61499 48501.3008 243.919724 300.012482 6.18353987 5.23033028E-4 4.068773706E-6 0.99999994
 1 52 0 T F 5.1647644 15.5611477 12.0817327 0.5 0.5 0. 5972.49023 181.622375 48501.3008 243.919724 300.012482 6.23467159 5.23033028E-4 4.068773706E-6 0.99999994
 1 53 0 T F 5.16576433 15.5621481 12.0943069 0.5 0.5 0. 5978.78467 181.629684 48501.3008 243.919724 300.012482 6.28701258 5.23033028E-4 4.068773706E-6 0.99999994
 1 54 0 T F 5.16676426 15.5631485 12.106988 0.5 0.5 0. 5985.13232 181.636948 48501.3008 243.919724 300.012482 6.34057331 5.23033028E-4 4.068773706E-6 0.99999994
 1 55 0 T F 5.16776419 15.5641489 12.1197786 0.5 0.5 0. 5991.53467 181.64415 48501.3008 243.919724 300.012482 6.39536428 5.23033028E-4 4.068773706E-6 0.99999994
 1 56 0 T F 5.16876411 15.5651493 12.1326818 0.5 0.5 0. 5997.99316 181.651306 48501.3008 243.919724 300.012482 6.45139694 5.23033028E-4 4.068773706E-6 0.99999994
 1 57 0 T F 5.16976404 15.5661497 12.1456995 0.5 0.5 0. 6004.50879 181.658417 48501.3008 243.919724 300.012482 6.50868273 5.23033028E-4 4.068773706E-6 0.99999994
 1 58 0 T F 5.17076397 15.5671501 12.1588335 0.5 0.5 0. 6011.08301 181.665466 48501.3008 243.919724 300.012482 6.56723356 5.23033028E-4 4.068773706E-6 0.99999994
 1 59 0 T F 5.1717639 15.5681505 12.1720877 0.5 0.5 0. 6017.71729 181.672455 48501.3008 243.919724 300.012482 6.62706184 5.23033028E-4 4.068773706E-6 0.99999994
 1 60 0 T F 5.17276382 15.5691509 12.1854639 0.5 0.5 0. 6024.4126 181.679382 48501.3008 243.919724 300.012482 6.68817902 5.23033028E-4 4.068773706E-6 0.99999994
 1 61 0 T F 5.17376375 15.5701513 12.1989651 0.5 0.5 0. 6031.16992 181.686279 48501.3008 243.919724 300.012482 6.75059795 5.23033028E-4 4.068773706E-6 0.99999994
 1 62 0 T F 5.17476368 15.5711517 12.212594 0.5 0.5 0. 6037.99121 181.6931 48501.3008 243.919724 300.012482 6.81433153 5.23033028E-4 4.068773706E-6 0.99999994
 1 63 0 T F 5.17576361 15.5721521 12.2263527 0.5 0.5 0. 6044.87744 181.699875 48501.3008 243.919724 300.012482 6.87939262 5.23033028E-4 4.068773706E-6 0.99999994
 1 64 0 T F 5.17676353 15.5731525 12.2402439 0.5 0.5 0. 6051.83008 181.706604 48501.3008 243.919724 300.012482 6.94579506 5.23033028E-4 4.068773706E-6 0.99999994
 1 65 0 T F 5.17776346 15.5741529 12.2542706 0.5 0.5 0. 6058.8501 181.713287 48501.3008 243.919724 300.012482 7.01355219 5.23033028E-4 4.068773706E-6 0.99999994
 1 66 0 T F 5.17876339 15.5751534 12.2684355 0.5 0.5 0. 6065.93945 181.719894 48501.3008 243.919724 300.012482 7.08267784 5.23033028E-4 4.068773706E-6 0.99999994
 1 67 0 T F 5.17976332 15.5761538 12.2827415 0.5 0.5 0. 6073.09912 181.726456 48501.3008 243.919724 300.012482 7.1531868 5.23033028E-4 4.068773706E-6 0.99999994
 1 68 0 T F 5.18076324 15.5771542 12.2971916 0.5 0.5 0. 6080.33057 181.732956 48501.3008 243.919724 300.012482 7.22509241 5.23033028E-4 4.068773706E-6 0.99999994
 1 69 0 T F 5.18176317 15.5781546 12.3117886 0.5 0.5 0. 6087.63525 181.73941 48501.3008 243.919724 300.012482 7.29841089 5.23033028E-4 4.068773706E-6 0.99999994
 1 70 0 T F 5.1827631 15.579155 12.3265352 0.5 0.5 0. 6095.01465 181.745819 48501.3008 243.919724 300.012482 7.37315655 5.23033028E-4 4.068773706E-6 0.99999994
 1 71 0 T F 5.18376303 15.5801554 12.3414335 0.5 0.5 0. 6102.47021 181.752167 48501.3008 243.919724 300.012482 7.44934511 5.23033028E-4 4.068773706E-6 0.99999994
 1 72 0 T F 5.18476295 15.5811558 12.3564873 0.5 0.5 0. 6110.00342 181.758453 48501.3008 243.919724 300.012482 7.52699232 5.23033028E-4 4.068773706E-6 0.99999994
 1 73 0 T F 5.18576288 15.5821562 12.3716993 0.5 0.5 0. 6117.61572 181.764694 48501.3008 243.919724 300.012482 7.60611391 5.23033028E-4 4.068773706E-6 0.99999994
 1 74 0 T F 5.18676281 15.5831566 12.3870726 0.5 0.5 0. 6125.30859 181.770889 48501.3008 243.919724 300.012482 7.68672657 5.23033028E-4 4.068773706E-6 0.99999994
 1 75 0 T F 5.18776274 15.584157 12.4026098 0.5 0.5 0. 6133.0835 181.777008 48501.3008 243.919724 300.012482 7.76884699 5.23033028E-4 4.068773706E-6 0.99999994
 1 76 0 T F 5.18876266 15.5851574 12.4183149 0.5 0.5 0. 6140.94189 181.783096 48501.3008 243.919724 300.012482 7.85249186 5.23033028E-4 4.068773706E-6 0.99999994
 1 77 0 T F 5.18976259 15.5861578 12.4341908 0.5 0.5 0. 6148.88574 181.789108 48501.3008 243.919724 300.012482 7.93767881 5.23033028E-4 4.068773706E-6 0.99999994
 1 78 0 T F 5.19076252 15.5871582 12.4502392 0.5 0.5 0. 6156.91602 181.79509 48501.3008 243.919724 300.012482 8.02442551 5.23033028E-4 4.068773706E-6 0.99999994
 1 79 0 T F 5.19176245 15.5881586 12.466465 0.5 0.5 0. 6165.03467 181.80101 48501.3008 243.919724 300.012482 8.11275005 5.23033028E-4 4.068773706E-6 0.99999994
 1 80 0 T F 5.19276237 15.589159 12.4828701 0.5 0.5 0. 6173.24316 181.806854 48501.3008 243.919724 300.012482 8.2026701 5.23033028E-4 4.068773706E-6 0.99999994
 1 81 0 T F 5.1937623 15.5901594 12.4994583 0.5 0.5 0. 6181.54297 181.812683 48501.3008 243.919724 300.012482 8.29420567 5.23033028E-4 4.068773706E-6 0.99999994
 1 82 0 T F 5.19476223 15.5911598 12.5162334 0.5 0.5 0. 6189.93604 181.818436 48501.3008 243.919724 300.012482 8.38737488 5.23033028E-4 4.068773706E-6 0.99999994
 1 83 0 T F 5.19576216 15.5921602 12.5331974 0.5 0.5 0. 6198.42383 181.824127 48501.3008 243.919724 300.012482 8.48219681 5.23033028E-4 4.068773706E-6 0.99999994
 1 84 0 T F 5.19676208 15.5931606 12.550355 0.5 0.5 0. 6207.0083 181.829773 48501.3008 243.919724 300.012482 8.57869148 5.23033028E-4 4.068773706E-6 0.99999994
 1 85 0 T F 5.19776201 15.594161 12.567709 0.5 0.5 0. 6215.69092 181.835358 48501.3008 243.919724 300.012482 8.67687988 5.23033028E-4 4.068773706E-6 0.99999994
 1 86 0 T F 5.19876194 15.5951614 12.5852623 0.5 0.5 0. 6224.47314 181.840912 48501.3008 243.919724 300.012482 8.77678204 5.23033028E-4 4.068773706E-6 0.99999994
 1 87 0 T F 5.19976187 15.5961618 12.6030188 0.5 0.5 0. 6233.35693 181.84639 48501.3008 243.919724 300.012482 8.87841797 5.23033028E-4 4.068773706E-6 0.99999994
 1 88 0 T F 5.2007618 15.5971622 12.6209822 0.5 0.5 0. 6242.34424 181.851822 48501.3008 243.919724 300.012482 8.98181057 5.23033028E-4 4.068773706E-6 0.99999994
 1 89 0 T F 5.20176172 15.5981627 12.6391563 0.5 0.5 0. 6251.43652 181.857193 48501.3008 243.919724 300.012482 9.08698082 5.23033028E-4 4.068773706E-6 0.99999994
 1 90 0 T F 5.20276165 15.5991631 12.6575441 0.5 0.5 0. 6260.63574 181.862534 48501.3008 243.919724 300.012482 9.19395065 5.23033028E-4 4.068773706E-6 0.99999994
 1 91 0 T F 5.20376158 15.6001635 12.6761494 0.5 0.5 0. 6269.94385 181.867798 48501.3008 243.919724 300.012482 9.302742 5.23033028E-4 4.068773706E-6 0.99999994
 1 92 0 T F 5.20476151 15.6011639 12.6949759 0.5 0.5 0. 6279.3623 181.873016 48501.3008 243.919724 300.012482 9.41337872 5.23033028E-4 4.068773706E-6 0.99999994
 1 93 0 T F 5.20576143 15.6021643 12.7140274 0.5 0.5 0. 6288.89355 181.878189 48501.3008 243.919724 300.012482 9.52588367 5.23033028E-4 4.068773706E-6 0.99999994
 1 94 0 T F 5.20676136 15.6031647 12.7333078 0.5 0.5 0. 6298.53906 181.883286 48501.3008 243.919724 300.012482 9.64028072 5.23033028E-4 4.068773706E-6 0.99999994
 1 95 0 T F 5.20776129 15.6041651 12.752821 0.5 0.5 0. 6308.30078 181.888336 48501.3008 243.919724 300.012482 9.7565937 5.23033028E-4 4.068773706E-6 0.99999994
 1 96 0 T F 5.20876122 15.6051655 12.7725706 0.5 0.5 0. 6318.18066 181.893341 48501.3008 243.919724 300.012482 9.87484741 5.23033028E-4 4.068773706E-6 0.99999994
 1 97 0 T F 5.20976114 15.6061659 12.7925606 0.5 0.5 0. 6328.18066 181.8983 48501.3008 243.919724 300.012482 9.99506664 5.23033028E-4 4.068773706E-6 0.99999994
 1 98 0 T F 5.21076107 15.6071663 12.8127947 0.5 0.5 0. 6338.30273 181.903183 48501.3008 243.919724 300.012482 10.1172781 5.23033028E-4 4.068773706E-6 0.99999994
 1 99 0 T F 5.211761 15.6081667 12.8332777 0.5 0.5 0. 6348.54932 181.908035 48501.3008 243.919724 300.012482 10.2415056 5.23033028E-4 4.068773706E-6 0.99999994
 1 100 0 T F 5.21276093 15.6091671 12.8540134 0.5 0.5 0. 6358.92188 181.912811 48501.3008 243.919724 300.012482 10.3677769 5.23033028E-4 4.068773706E-6 0.99999994
 1 101 0 T F 5.21376085 15.6101675 12.8750057 0.5 0.5 0. 6369.42285 181.917542 48501.3008 243.919724 300.012482 10.4961195 5.23033028E-4 4.068773706E-6 0.99999994
 1 102 0 T F 5.21476078 15.6111679 12.8962593 0.5 0.5 0. 6380.0542 181.922211 48501.3008 243.919724 300.012482 10.6265593 5.23033028E-4 4.068773706E-6 0.99999994
 1 103 0 T F 5.21576071 15.6121683 12.917778 0.5 0.5 0. 6390.81787 181.926849 48501.3008 243.919724 300.012482 10.7591248 5.23033028E-4 4.068773706E-6 0.99999994
 1 104 0 T F 5.21676064 15.6131687 12.9395657 0.5 0.5 0. 6401.71631 181.931412 48501.3008 243.919724 300.012482 10.8938446 5.23033028E-4 4.068773706E-6 0.99999994
 1 105 0 T F 5.21776056 15.6141691 12.961627 0.5 0.5 0. 6412.75146 181.935928 48501.3008 243.919724 300.012482 11.0307465 5.23033028E-4 4.068773706E-6 0.99999994
 1 106 0 T F 5.21876049 15.6151695 12.9839668 0.5 0.5 0. 6423.92578 181.940399 48501.3008 243.919724 300.012482 11.1698608 5.23033028E-4 4.068773706E-6 0.99999994
 1 107 0 T F 5.21976042 15.6161699 13.0065889 0.5 0.5 0. 6435.24121 181.944809 48501.3008 243.919724 300.012482 11.3112173 5.23033028E-4 4.068773706E-6 0.99999994
 1 108 0 T F 5.22076035 15.6171703 13.0294991 0.5 0.5 0. 6446.7002 181.949158 48501.3008 243.919724 300.012482 11.4548416 5.23033028E-4 4.068773706E-6 0.99999994
 1 109 0 T F 5.22176027 15.6181707 13.052701 0.5 0.5 0. 6458.30518 181.953461 48501.3008 243.919724 300.012482 11.6007547 5.23033028E-4 4.068773706E-6 0.99999994
 1 110 0 T F 5.2227602 15.6191711 13.0761986 0.5 0.5 0. 6470.05859 181.957703 48501.3008 243.919724 300.012482 11.7489862 5.23033028E-4 4.068773706E-6 0.99999994
 1 111 0 T F 5.22376013 15.6201715 13.0999975 0.5 0.5 0. 6481.9624 181.961899 48501.3008 243.919724 300.012482 11.8995695 5.23033028E-4 4.068773706E-6 0.99999994
 1 112 0 T F 5.22476006 15.621172 13.1241026 0.5 0.5 0. 6494.01904 181.966034 48501.3008 243.919724 300.012482 12.0525351 5.23033028E-4 4.068773706E-6 0.99999994
 1 113 0 T F 5.22575998 15.6221724 13.1485186 0.5 0.5 0. 6506.23096 181.970123 48501.3008 243.919724 300.012482 12.2079172 5.23033028E-4 4.068773706E-6 0.99999994
 1 114 0 T F 5.22675991 15.6231728 13.1732502 0.5 0.5 0. 6518.60059 181.974167 48501.3008 243.919724 300.012482 12.3657494 5.23033028E-4 4.068773706E-6 0.99999994
 1 115 0 T F 5.22775984 15.6241732 13.1983023 0.5 0.5 0. 6531.13086 181.978134 48501.3008 243.919724 300.012482 12.5260649 5.23033028E-4 4.068773706E-6 0.99999994
 1 116 0 T F 5.22875977 15.6251736 13.2236805 0.5 0.5 0. 6543.82373 181.982056 48501.3008 243.919724 300.012482 12.688899 5.23033028E-4 4.068773706E-6 0.99999994
 1 117 0 T F 5.22975969 15.626174 13.2493887 0.5 0.5 0. 6556.68213 181.985931 48501.3008 243.919724 300.012482 12.8542881 5.23033028E-4 4.068773706E-6 0.99999994
 1 118 0 T F 5.23075962 15.6271744 13.2754335 0.5 0.5 0. 6569.70801 181.989761 48501.3008 243.919724 300.012482 13.0222664 5.23033028E-4 4.068773706E-6 0.99999994
 1 119 0 T F 5.23175955 15.6281748 13.3018188 0.5 0.5 0. 6582.90479 181.9935 48501.3008 243.919724 300.012482 13.1928711 5.23033028E-4 4.068773706E-6 0.99999994
 1 120 0 T F 5.23275948 15.6291752 13.3285513 0.5 0.5 0. 6596.27441 181.997223 48501.3008 243.919724 300.012482 13.3661385 5.23033028E-4 4.068773706E-6 0.99999994
 1 121 0 T F 5.2337594 15.6301756 13.3556356 0.5 0.5 0. 6609.82031 182.000885 48501.3008 243.919724 300.012482 13.5421076 5.23033028E-4 4.068773706E-6 0.99999994
 1 122 0 T F 5.23475933 15.631176 13.3830776 0.5 0.5 0. 6623.54492 182.004471 48501.3008 243.919724 300.012482 13.7208157 5.23033028E-4 4.068773706E-6 0.99999994
 1 123 0 T F 5.23575926 15.6321764 13.410882 0.5 0.5 0. 6637.45068 182.008026 48501.3008 243.919724 300.012482 13.9023027 5.23033028E-4 4.068773706E-6 0.99999994
 1 124 0 T F 5.23675919 15.6331768 13.4390554 0.5 0.5 0. 6651.54102 182.01152 48501.3008 243.919724 300.012482 14.0866089 5.23033028E-4 4.068773706E-6 0.99999994
 1 125 0 T F 5.23775911 15.6341772 13.4676027 0.5 0.5 0. 6665.81836 182.014954 48501.3008 243.919724 300.012482 14.2737741 5.23033028E-4 4.068773706E-6 0.99999994
 1 126 0 T F 5.23875904 15.6351776 13.4965305 0.5 0.5 0. 6680.28564 182.018341 48501.3008 243.919724 300.012482 14.4638395 5.23033028E-4 4.068773706E-6 0.99999994
 1 127 0 T F 5.23975897 15.636178 13.5258446 0.5 0.5 0. 6694.9458 182.021683 48501.3008 243.919724 300.012482 14.656848 5.23033028E-4 4.068773706E-6 0.99999994
 1 128 0 T F 5.2407589 15.6371784 13.5555506 0.5 0.5 0. 6709.80176 182.024963 48501.3008 243.919724 300.012482 14.8528414 5.23033028E-4 4.068773706E-6 0.99999994
 1 129 0 T F 5.24175882 15.6381788 13.5856543 0.5 0.5 0. 6724.85693 182.028183 48501.3008 243.919724 300.012482 15.0518627 5.23033028E-4 4.068773706E-6 0.99999994
 1 130 0 T F 5.24275875 15.6391792 13.6161623 0.5 0.5 0. 6740.11426 182.031357 48501.3008 243.919724 300.012482 15.2539577 5.23033028E-4 4.068773706E-6 0.99999994
 1 131 0 T F 5.24375868 15.6401796 13.6470804 0.5 0.5 0. 6755.57666 182.034485 48501.3008 243.919724 300.012482 15.4591703 5.23033028E-4 4.068773706E-6 0.99999994
 1 132 0 T F 5.24475861 15.64118 13.6784153 0.5 0.5 0. 6771.24707 182.037537 48501.3008 243.919724 300.012482 15.6675463 5.23033028E-4 4.068773706E-6 0.99999994
 1 133 0 T F 5.24575853 15.6421804 13.7101736 0.5 0.5 0. 6787.12939 182.040543 48501.3008 243.919724 300.012482 15.8791332 5.23033028E-4 4.068773706E-6 0.99999994
 1 134 0 T F 5.24675846 15.6431808 13.742362 0.5 0.5 0. 6803.22656 182.043503 48501.3008 243.919724 300.012482 16.093977 5.23033028E-4 4.068773706E-6 0.99999994
 1 135 0 T F 5.24775839 15.6441813 13.7749863 0.5 0.5 0. 6819.5415 182.046402 48501.3008 243.919724 300.012482 16.3121262 5.23033028E-4 4.068773706E-6 0.99999994
 1 136 0 T F 5.24875832 15.6451817 13.808054 0.5 0.5 0. 6836.07813 182.04924 48501.3008 243.919724 300.012482 16.5336304 5.23033028E-4 4.068773706E-6 0.99999994
 1 137 0 T F 5.24975824 15.6461821 13.8415709 0.5 0.5 0. 6852.83936 182.052048 48501.3008 243.919724 300.012482 16.7585411 5.23033028E-4 4.068773706E-6 0.99999994
 1 138 0 T F 5.25075817 15.6471825 13.8755445 0.5 0.5 0. 6869.8291 182.054779 48501.3008 243.919724 300.012482 16.986908 5.23033028E-4 4.068773706E-6 0.99999994
 1 139 0 T F 5.2517581 15.6481829 13.9099817 0.5 0.5 0. 6887.05078 182.057465 48501.3008 243.919724 300.012482 17.2187824 5.23033028E-4 4.068773706E-6 0.99999994
 1 140 0 T F 5.25275803 15.6491833 13.94489 0.5 0.5 0. 6904.50781 182.060089 48501.3008 243.919724 300.012482 17.4542179 5.23033028E-4 4.068773706E-6 0.99999994
 1 141 0 T F 5.25375795 15.6501837 13.9802761 0.5 0.5 0. 6922.20361 182.062683 48501.3008 243.919724 300.012482 17.6932678 5.23033028E-4 4.068773706E-6 0.99999994
 1 142 0 T F 5.25475788 15.6511841 14.0161476 0.5 0.5 0. 6940.14209 182.065201 48501.3008 243.919724 300.012482 17.9359875 5.23033028E-4 4.068773706E-6 0.99999994
 1 143 0 T F 5.25575781 15.6521845 14.0525122 0.5 0.5 0. 6958.32715 182.067673 48501.3008 243.919724 300.012482 18.1824188 5.23033028E-4 4.068773706E-6 0.99999994
 1 144 0 T F 5.25675774 15.6531849 14.0893774 0.5 0.5 0. 6976.76221 182.070084 48501.3008 243.919724 300.012482 18.4326057 5.23033028E-4 4.068773706E-6 0.99999994
 1 145 0 T F 5.25775766 15.6541853 14.1267509 0.5 0.5 0. 6995.45117 182.072464 48501.3008 243.919724 300.012482 18.6866074 5.23033028E-4 4.068773706E-6 0.99999994
 1 146 0 T F 5.25875759 15.6551857 14.1646395 0.5 0.5 0. 7014.39795 182.074768 48501.3008 243.919724 300.012482 18.9444809 5.23033028E-4 4.068773706E-6 0.99999994
 1 147 0 T F 5.25975752 15.6561861 14.2030525 0.5 0.5 0. 7033.60645 182.077011 48501.3008 243.919724 300.012482 19.2062855 5.23033028E-4 4.068773706E-6 0.99999994
 1 148 0 T F 5.26075745 15.6571865 14.2419968 0.5 0.5 0. 7053.08057 182.079208 48501.3008 243.919724 300.012482 19.4720802 5.23033028E-4 4.068773706E-6 0.99999994
 1 149 0 T F 5.26175737 15.6581869 14.2814808 0.5 0.5 0. 7072.82471 182.08136 48501.3008 243.919724 300.012482 19.7419281 5.23033028E-4 4.068773706E-6 0.99999994
 1 150 0 T F 5.2627573 15.6591873 14.3215122 0.5 0.5 0. 7092.84277 182.083466 48501.3008 243.919724 300.012482 20.015892 5.23033028E-4 4.068773706E-6 0.99999994
 1 151 0 T F 5.26375723 15.6601877 14.3621006 0.5 0.5 0. 7113.13867 182.085495 48501.3008 243.919724 300.012482 20.294035 5.23033028E-4 4.068773706E-6 0.99999994
 1 152 0 T F 5.26475716 15.6611881 14.4032536 0.5 0.5 0. 7133.71729 182.087479 48501.3008 243.919724 300.012482 20.5764217 5.23033028E-4 4.068773706E-6 0.99999994
 1 153 0 T F 5.26575708 15.6621885 14.4449797 0.5 0.5 0. 7154.58252 182.089432 48501.3008 243.919724 300.012482 20.8631191 5.23033028E-4 4.068773706E-6 0.99999994
 1 154 0 T F 5.26675701 15.6631889 14.4872885 0.5 0.5 0. 7175.73877 182.091309 48501.3008 243.919724 300.012482 21.1541939 5.23033028E-4 4.068773706E-6 0.99999994
 1 155 0 T F 5.26775694 15.6641893 14.5301876 0.5 0.5 0. 7197.19043 182.093124 48501.3008 243.919724 300.012482 21.4497166 5.23033028E-4 4.068773706E-6 0.99999994
 1 156 0 T F 5.26875687 15.6651897 14.5736876 0.5 0.5 0. 7218.94189 182.09491 48501.3008 243.919724 300.012482 21.749754 5.23033028E-4 4.068773706E-6 0.99999994
 1 157 0 T F 5.26975679 15.6661901 14.6177959 0.5 0.5 0. 7240.99805 182.096619 48501.3008 243.919724 300.012482 22.0543785 5.23033028E-4 4.068773706E-6 0.99999994
 1 158 0 T F 5.27075672 15.6671906 14.6625233 0.5 0.5 0. 7263.36328 182.098282 48501.3008 243.919724 300.012482 22.3636646 5.23033028E-4 4.068773706E-6 0.99999994
 1 159 0 T F 5.27175665 15.668191 14.7078791 0.5 0.5 0. 7286.04248 182.099884 48501.3008 243.919724 300.012482 22.6776829 5.23033028E-4 4.068773706E-6 0.99999994
 1 160 0 T F 5.27275658 15.6691914 14.7538719 0.5 0.5 0. 7309.04053 182.10144 48501.3008 243.919724 300.012482 22.9965115 5.23033028E-4 4.068773706E-6 0.99999994
 1 161 0 T F 5.2737565 15.6701918 14.8005123 0.5 0.5 0. 7332.3623 182.102936 48501.3008 243.919724 300.012482 23.3202248 5.23033028E-4 4.068773706E-6 0.99999994
 1 162 0 T F 5.27475643 15.6711922 14.8478098 0.5 0.5 0. 7356.0127 182.104401 48501.3008 243.919724 300.012482 23.6489029 5.23033028E-4 4.068773706E-6 0.99999994
 1 163 0 T F 5.27575636 15.6721926 14.8957748 0.5 0.5 0. 7379.99658 182.105789 48501.3008 243.919724 300.012482 23.9826241 5.23033028E-4 4.068773706E-6 0.99999994
 1 164 0 T F 5.27675629 15.673193 14.944418 0.5 0.5 0. 7404.31934 182.107132 48501.3008 243.919724 300.012482 24.3214703 5.23033028E-4 4.068773706E-6 0.99999994
 1 165 0 T F 5.27775621 15.6741934 14.9937487 0.5 0.5 0. 7428.98633 182.108398 48501.3008 243.919724 300.012482 24.6655235 5.23033028E-4 4.068773706E-6 0.99999994
 1 166 0 T F 5.27875614 15.6751938 15.0437784 0.5 0.5 0. 7454.00244 182.10965 48501.3008 243.919724 300.012482 25.0148678 5.23033028E-4 4.068773706E-6 0.99999994
 1 167 0 T F 5.27975607 15.6761942 15.0945177 0.5 0.5 0. 7479.37305 182.110825 48501.3008 243.919724 300.012482 25.3695564 5.23033028E-4 4.068773706E-6 0.99999994
 1 168 0 T F 5.280756 15.6771946 15.145977 0.5 0.5 0. 7505.104 182.111954 48501.3008 243.919724 300.012482 25.7296715 5.23033028E-4 4.068773706E-6 0.99999994
 1 169 0 T F 5.28175592 15.678195 15.1981678 0.5 0.5 0. 7531.2002 182.113022 48501.3008 243.919724 300.012482 26.0953026 5.23033028E-4 4.068773706E-6 0.99999994
 1 170 0 T F 5.28275585 15.6791954 15.2511005 0.5 0.5 0. 7557.66797 182.114044 48501.3008 243.919724 300.012482 26.4665413 5.23033028E-4 4.068773706E-6 0.99999994
 1 171 0 T F 5.28375578 15.6801958 15.3047876 0.5 0.5 0. 7584.51221 182.115005 48501.3008 243.919724 300.012482 26.8434772 5.23033028E-4 4.068773706E-6 0.99999994
 1 172 0 T F 5.28475571 15.6811962 15.3592396 0.5 0.5 0. 7611.73926 182.115921 48501.3008 243.919724 300.012482 27.2262058 5.23033028E-4 4.068773706E-6 0.99999994
 1 173 0 T F 5.28575563 15.6821966 15.4144688 0.5 0.5 0. 7639.35498 182.116776 48501.3008 243.919724 300.012482 27.6148205 5.23033028E-4 4.068773706E-6 0.99999994
 1 174 0 T F 5.28675556 15.683197 15.4704876 0.5 0.5 0. 7667.36523 182.117569 48501.3008 243.919724 300.012482 28.0094204 5.23033028E-4 4.068773706E-6 0.99999994
 1 175 0 T F 5.28775549 15.6841974 15.5273075 0.5 0.5 0. 7695.77588 182.118317 48501.3008 243.919724 300.012482 28.4101028 5.23033028E-4 4.068773706E-6 0.99999994
 1 176 0 T F 5.28875542 15.6851978 15.5849419 0.5 0.5 0. 7724.59375 182.119019 48501.3008 243.919724 300.012482 28.8169708 5.23033028E-4 4.068773706E-6 0.99999994
 1 177 0 T F 5.28975534 15.6861982 15.6434021 0.5 0.5 0. 7753.82471 182.119675 48501.3008 243.919724 300.012482 29.2301273 5.23033028E-4 4.068773706E-6 0.99999994
 1 178 0 T F 5.29075527 15.6871986 15.7027016 0.5 0.5 0. 7783.4751 182.120239 48501.3008 243.919724 300.012482 29.6496792 5.23033028E-4 4.068773706E-6 0.99999994
 1 179 0 T F 5.2917552 15.688199 15.7628527 0.5 0.5 0. 7813.55127 182.120773 48501.3008 243.919724 300.012482 30.0757313 5.23033028E-4 4.068773706E-6 0.99999994
 1 180 0 T F 5.29275513 15.6891994 15.8238697 0.5 0.5 0. 7844.06006 182.121262 48501.3008 243.919724 300.012482 30.5083961 5.23033028E-4 4.068773706E-6 0.99999994
 1 181 0 T F 5.29375505 15.6901999 15.8857651 0.5 0.5 0. 7875.0083 182.121689 48501.3008 243.919724 300.012482 30.9477825 5.23033028E-4 4.068773706E-6 0.99999994
 1 182 0 T F 5.29475498 15.6912003 15.9485531 0.5 0.5 0. 7906.40283 182.122055 48501.3008 243.919724 300.012482 31.3940067 5.23033028E-4 4.068773706E-6 0.99999994
 1 183 0 T F 5.29575491 15.6922007 16.0122471 0.5 0.5 0. 7938.25049 182.122375 48501.3008 243.919724 300.012482 31.8471851 5.23033028E-4 4.068773706E-6 0.99999994
 1 184 0 T F 5.29675484 15.6932011 16.0768623 0.5 0.5 0. 7970.55811 182.122635 48501.3008 243.919724 300.012482 32.3074265 5.23033028E-4 4.068773706E-6 0.99999994
 1 185 0 T F 5.29775476 15.6942015 16.1424122 0.5 0.5 0. 8003.33301 182.122849 48501.3008 243.919724 300.012482 32.7748108 5.23033028E-4 4.068773706E-6 0.99999994
 1 186 0 T F 5.29875469 15.6952019 16.2089119 0.5 0.5 0. 8036.58252 182.123001 48501.3008 243.919724 300.012482 33.2494621 5.23033028E-4 4.068773706E-6 0.99999994
 1 187 0 T F 5.29975462 15.6962023 16.2763748 0.5 0.5 0. 8070.31396 182.123108 48501.3008 243.919724 300.012482 33.7315063 5.23033028E-4 4.068773706E-6 0.99999994
 1 188 0 T F 5.30075455 15.6972027 16.3448162 0.5 0.5 0. 8104.53516 182.123154 48501.3008 243.919724 300.012482 34.2210732 5.23033028E-4 4.068773706E-6 0.99999994
 1 189 0 T F 5.30175447 15.6982031 16.4142532 0.5 0.5 0. 8139.25342 182.123154 48501.3008 243.919724 300.012482 34.7182884 5.23033028E-4 4.068773706E-6 0.99999994
 1 190 0 T F 5.3027544 15.6992035 16.4846992 0.5 0.5 0. 8174.47656 182.123093 48501.3008 243.919724 300.012482 35.2232895 5.23033028E-4 4.068773706E-6 0.99999994
 1 191 0 T F 5.30375433 15.7002039 16.5561714 0.5 0.5 0. 8210.21289 182.122971 48501.3008 243.919724 300.012482 35.7362099 5.23033028E-4 4.068773706E-6 0.99999994
 1 192 0 T F 5.30475426 15.7012043 16.628685 0.5 0.5 0. 8246.46973 182.122818 48501.3008 243.919724 300.012482 36.2571907 5.23033028E-4 4.068773706E-6 0.99999994
 1 193 0 T F 5.30575418 15.7022047 16.7022572 0.5 0.5 0. 8283.25586 182.122589 48501.3008 243.919724 300.012482 36.7863731 5.23033028E-4 4.068773706E-6 0.99999994
 1 194 0 T F 5.30675411 15.7032051 16.7769051 0.5 0.5 0. 8320.5791 182.122314 48501.3008 243.919724 300.012482 37.3239021 5.23033028E-4 4.068773706E-6 0.99999994
 1 195 0 T F 5.30775404 15.7042055 16.852644 0.5 0.5 0. 8358.44824 182.121994 48501.3008 243.919724 300.012482 37.8699265 5.23033028E-4 4.068773706E-6 0.99999994
 1 196 0 T F 5.30875397 15.7052059 16.929493 0.5 0.5 0. 8396.87207 182.121597 48501.3008 243.919724 300.012482 38.4245949 5.23033028E-4 4.068773706E-6 0.99999994
 1 197 0 T F 5.30975389 15.7062063 17.0074692 0.5 0.5 0. 8435.85938 182.12117 48501.3008 243.919724 300.012482 38.9880638 5.23033028E-4 4.068773706E-6 0.99999994
 1 198 0 T F 5.31075382 15.7072067 17.0865898 0.5 0.5 0. 8475.41895 182.120682 48501.3008 243.919724 300.012482 39.5604858 5.23033028E-4 4.068773706E-6 0.99999994
 1 199 0 T F 5.31175375 15.7082071 17.1668739 0.5 0.5 0. 8515.56055 182.120132 48501.3008 243.919724 300.012482 40.1419678 5.23033028E-4 4.068773706E-6 0.99999994
 1 200 0 T F 5.31275368 15.7092075 17.2483387 0.5 0.5 0. 8556.29297 182.119537 48501.3008 243.919724 300.012482 40.7326698 5.23033028E-4 4.068773706E-6 0.99999994
 1 201 0 T F 5.3137536 15.7102079 17.3310051 0.5 0.5 0. 8597.625 182.118881 48501.3008 243.919724 300.012482 41.3327599 5.23033028E-4 4.068773706E-6 0.99999994
 1 202 0 T F 5.31475353 15.7112083 17.4148903 0.5 0.5 0. 8639.56641 182.118179 48501.3008 243.919724 300.012482 41.9424057 5.23033028E-4 4.068773706E-6 0.99999994
 1 203 0 T F 5.31575346 15.7122087 17.5000134 0.5 0.5 0. 8682.12793 182.117432 48501.3008 243.919724 300.012482 42.5617867 5.23033028E-4 4.068773706E-6 0.99999994
 1 204 0 T F 5.31675339 15.7132092 17.5863953 0.5 0.5 0. 8725.31836 182.116608 48501.3008 243.919724 300.012482 43.191082 5.23033028E-4 4.068773706E-6 0.99999994
 1 205 0 T F 5.31775331 15.7142096 17.674057 0.5 0.5 0. 8769.14844 182.115738 48501.3008 243.919724 300.012482 43.8304749 5.23033028E-4 4.068773706E-6 0.99999994
 1 206 0 T F 5.31875324 15.71521 17.7630177 0.5 0.5 0. 8813.62793 182.114822 48501.3008 243.919724 300.012482 44.4801483 5.23033028E-4 4.068773706E-6 0.99999994
 1 207 0 T F 5.31975317 15.7162104 17.8532982 0.5 0.5 0. 8858.76758 182.113846 48501.3008 243.919724 300.012482 45.1402969 5.23033028E-4 4.068773706E-6 0.99999994
 1 208 0 T F 5.3207531 15.7172108 17.9449196 0.5 0.5 0. 8904.57813 182.112823 48501.3008 243.919724 300.012482 45.8111191 5.23033028E-4 4.068773706E-6 0.99999994
 1 209 0 T F 5.32175303 15.7182112 18.0379047 0.5 0.5 0. 8951.07031 182.11174 48501.3008 243.919724 300.012482 46.4928093 5.23033028E-4 4.068773706E-6 0.99999994
 1 210 0 T F 5.32275295 15.7192116 18.1322765 0.5 0.5 0. 8998.25488 182.110611 48501.3008 243.919724 300.012482 47.1855469 5.23033028E-4 4.068773706E-6 0.99999994
 1 211 0 T F 5.32375288 15.720212 18.228056 0.5 0.5 0. 9046.14355 182.109406 48501.3008 243.919724 300.012482 47.8894882 5.23033028E-4 4.068773706E-6 0.99999994
 1 212 0 T F 5.32475281 15.7212124 18.3252659 0.5 0.5 0. 9094.74707 182.10817 48501.3008 243.919724 300.012482 48.6048508 5.23033028E-4 4.068773706E-6 0.99999994
 1 213 0 T F 5.32575274 15.7222128 18.4239292 0.5 0.5 0. 9144.07715 182.106873 48501.3008 243.919724 300.012482 49.3318481 5.23033028E-4 4.068773706E-6 0.99999994
 1 214 0 T F 5.32675266 15.7232132 18.5240707 0.5 0.5 0. 9194.14648 182.10553 48501.3008 243.919724 300.012482 50.0707092 5.23033028E-4 4.068773706E-6 0.99999994
 1 215 0 T F 5.32775259 15.7242136 18.6257133 0.5 0.5 0. 9244.9668 182.104126 48501.3008 243.919724 300.012482 50.8216591 5.23033028E-4 4.068773706E-6 0.99999994
 1 216 0 T F 5.32875252 15.725214 18.7288837 0.5 0.5 0. 9296.5498 182.102661 48501.3008 243.919724 300.012482 51.5849342 5.23033028E-4 4.068773706E-6 0.99999994
 1 217 0 T F 5.32975245 15.7262144 18.8336048 0.5 0.5 0. 9348.90918 182.101151 48501.3008 243.919724 300.012482 52.3607712 5.23033028E-4 4.068773706E-6 0.99999994
 1 218 0 T F 5.33075237 15.7272148 18.9399033 0.5 0.5 0. 9402.05664 182.099579 48501.3008 243.919724 300.012482 53.1494179 5.23033028E-4 4.068773706E-6 0.99999994
 1 219 0 T F 5.3317523 15.7282152 19.0478058 0.5 0.5 0. 9456.00586 182.097961 48501.3008 243.919724 300.012482 53.9511299 5.23033028E-4 4.068773706E-6 0.99999994
 1 220 0 T F 5.33275223 15.7292156 19.1573372 0.5 0.5 0. 9510.77051 182.096298 48501.3008 243.919724 300.012482 54.7661209 5.23033028E-4 4.068773706E-6 0.99999994
 1 221 0 T F 5.33375216 15.730216 19.2685261 0.5 0.5 0. 9566.36328 182.094559 48501.3008 243.919724 300.012482 55.5945969 5.23033028E-4 4.068773706E-6 0.99999994
 1 222 0 T F 5.33475208 15.7312164 19.3813992 0.5 0.5 0. 9622.79785 182.092773 48501.3008 243.919724 300.012482 56.4368324 5.23033028E-4 4.068773706E-6 0.99999994
 1 223 0 T F 5.33575201 15.7322168 19.495985 0.5 0.5 0. 9680.08887 182.090942 48501.3008 243.919724 300.012482 57.2931023 5.23033028E-4 4.068773706E-6 0.99999994
 1 224 0 T F 5.33675194 15.7332172 19.6123123 0.5 0.5 0. 9738.25098 182.089066 48501.3008 243.919724 300.012482 58.1636887 5.23033028E-4 4.068773706E-6 0.99999994
 1 225 0 T F 5.33775187 15.7342176 19.7304096 0.5 0.5 0. 9797.29785 182.087112 48501.3008 243.919724 300.012482 59.0488815 5.23033028E-4 4.068773706E-6 0.99999994
 1 226 0 T F 5.33875179 15.735218 19.8503075 0.5 0.5 0. 9857.24512 182.085114 48501.3008 243.919724 300.012482 59.9489784 5.23033028E-4 4.068773706E-6 0.99999994
 1 227 0 T F 5.33975172 15.7362185 19.9720364 0.5 0.5 0. 9918.10742 182.083069 48501.3008 243.919724 300.012482 60.8642883 5.23033028E-4 4.068773706E-6 0.99999994
 1 228 0 T F 5.34075165 15.7372189 20.0956268 0.5 0.5 0. 9979.90039 182.080948 48501.3008 243.919724 300.012482 61.7951241 5.23033028E-4 4.068773706E-6 0.99999994
 1 229 0 T F 5.34175158 15.7382193 20.2211094 0.5 0.5 0. 10042.6396 182.078796 48501.3008 243.919724 300.012482 62.7417183 5.23033028E-4 4.068773706E-6 0.99999994
 1 230 0 T F 5.3427515 15.7392197 20.3485184 0.5 0.5 0. 10106.3418 182.076584 48501.3008 243.919724 300.012482 63.7043686 5.23033028E-4 4.068773706E-6 0.99999994
 1 231 0 T F 5.34375143 15.7402201 20.4778843 0.5 0.5 0. 10171.0234 182.074326 48501.3008 243.919724 300.012482 64.6834183 5.23033028E-4 4.068773706E-6 0.99999994
 1 232 0 T F 5.34475136 15.7412205 20.6092434 0.5 0.5 0. 10236.7002 182.072006 48501.3008 243.919724 300.012482 65.6792145 5.23033028E-4 4.068773706E-6 0.99999994
 1 233 0 T F 5.34575129 15.7422209 20.7426281 0.5 0.5 0. 10303.3896 182.069626 48501.3008 243.919724 300.012482 66.6921082 5.23033028E-4 4.068773706E-6 0.99999994
 1 234 0 T F 5.34675121 15.7432213 20.8780727 0.5 0.5 0. 10371.1094 182.0672 48501.3008 243.919724 300.012482 67.7224655 5.23033028E-4 4.068773706E-6 0.99999994
 1 235 0 T F 5.34775114 15.7442217 21.0156136 0.5 0.5 0. 10439.8779 182.064728 48501.3008 243.919724 300.012482 68.7706604 5.23033028E-4 4.068773706E-6 0.99999994
 1 236 0 T F 5.34875107 15.7452221 21.1552868 0.5 0.5 0. 10509.7129 182.062195 48501.3008 243.919724 300.012482 69.8370667 5.23033028E-4 4.068773706E-6 0.99999994
 1 237 0 T F 5.349751 15.7462225 21.2971306 0.5 0.5 0. 10580.6318 182.059601 48501.3008 243.919724 300.012482 70.9219589 5.23033028E-4 4.068773706E-6 0.99999994
 1 238 0 T F 5.35075092 15.7472229 21.4411812 0.5 0.5 0. 10652.6553 182.056946 48501.3008 243.919724 300.012482 72.0257416 5.23033028E-4 4.068773706E-6 0.99999994
 1 239 0 T F 5.35175085 15.7482233 21.5874786 0.5 0.5 0. 10725.8018 182.05426 48501.3008 243.919724 300.012482 73.1488266 5.23033028E-4 4.068773706E-6 0.99999994
 1 240 0 T F 5.35275078 15.7492237 21.7360611 0.5 0.5 0. 10800.0908 182.051498 48501.3008 243.919724 300.012482 74.2916489 5.23033028E-4 4.068773706E-6 0.99999994
 1 241 0 T F 5.35375071 15.7502241 21.8869705 0.5 0.5 0. 10875.543 182.048706 48501.3008 243.919724 300.012482 75.4546432 5.23033028E-4 4.068773706E-6 0.99999994
 1 242 0 T F 5.35475063 15.7512245 22.040247 0.5 0.5 0. 10952.1787 182.045853 48501.3008 243.919724 300.012482 76.6382675 5.23033028E-4 4.068773706E-6 0.99999994
 1 243 0 T F 5.35575056 15.7522249 22.1959324 0.5 0.5 0. 11030.0186 182.042923 48501.3008 243.919724 300.012482 77.8429489 5.23033028E-4 4.068773706E-6 0.99999994
 1 244 0 T F 5.35675049 15.7532253 22.3540707 0.5 0.5 0. 11109.085 182.039963 48501.3008 243.919724 300.012482 79.069046 5.23033028E-4 4.068773706E-6 0.99999994
 1 245 0 T F 5.35775042 15.7542257 22.5147057 0.5 0.5 0. 11189.3994 182.036942 48501.3008 243.919724 300.012482 80.3170471 5.23033028E-4 4.068773706E-6 0.99999994
 1 246 0 T F 5.35875034 15.7552261 22.6778812 0.5 0.5 0. 11270.9834 182.03389 48501.3008 243.919724 300.012482 81.5874634 5.23033028E-4 4.068773706E-6 0.99999994
 1 247 0 T F 5.35975027 15.7562265 22.8436432 0.5 0.5 0. 11353.8613 182.030731 48501.3008 243.919724 300.012482 82.8808136 5.23033028E-4 4.068773706E-6 0.99999994
 1 248 0 T F 5.3607502 15.7572269 23.0120392 0.5 0.5 0. 11438.0557 182.027573 48501.3008 243.919724 300.012482 84.1976395 5.23033028E-4 4.068773706E-6 0.99999994
 1 249 0 T F 5.36175013 15.7582273 23.1831169 0.5 0.5 0. 11523.5908 182.024338 48501.3008 243.919724 300.012482 85.5384903 5.23033028E-4 4.068773706E-6 0.99999994
 1 250 0 T F 5.36275005 15.7592278 23.3569241 0.5 0.5 0. 11610.4912 182.021042 48501.3008 243.919724 300.012482 86.9037552 5.23033028E-4 4.068773706E-6 0.99999994
 1 251 0 T F 5.36374998 15.7602282 23.5335121 0.5 0.5 0. 11698.7822 182.0177 48501.3008 243.919724 300.012482 88.2940216 5.23033028E-4 4.068773706E-6 0.99999994
 1 252 0 T F 5.36474991 15.7612286 23.7129326 0.5 0.5 0. 11788.4883 182.014313 48501.3008 243.919724 300.012482 89.7098923 5.23033028E-4 4.068773706E-6 0.99999994
 1 253 0 T F 5.36574984 15.762229 23.895237 0.5 0.5 0. 11879.6367 182.010849 48501.3008 243.919724 300.012482 91.1520004 5.23033028E-4 4.068773706E-6 0.99999994
 1 254 0 T F 5.36674976 15.7632294 24.0804787 0.5 0.5 0. 11972.2539 182.007339 48501.3008 243.919724 300.012482 92.6209869 5.23033028E-4 4.068773706E-6 0.99999994
 1 255 0 T F 5.36774969 15.7642298 24.268713 0.5 0.5 0. 12066.3682 182.003799 48501.3008 243.919724 300.012482 94.117424 5.23033028E-4 4.068773706E-6 0.99999994
 1 256 0 T F 5.36874962 15.7652302 24.4599972 0.5 0.5 0. 12162.0068 182.000183 48501.3008 243.919724 300.012482 95.6418762 5.23033028E-4 4.068773706E-6 0.99999994
 1 257 0 T F 5.36974955 15.7662306 24.6543865 0.5 0.5 0. 12259.1982 181.996506 48501.3008 243.919724 300.012482 97.1950531 5.23033028E-4 4.068773706E-6 0.99999994
 1 258 0 T F 5.37074947 15.767231 24.8519421 0.5 0.5 0. 12357.9727 181.992783 48501.3008 243.919724 300.012482 98.7776794 5.23033028E-4 4.068773706E-6 0.99999994
 1 259 0 T F 5.3717494 15.7682314 25.0527229 0.5 0.5 0. 12458.3594 181.989029 48501.3008 243.919724 300.012482 100.390518 5.23033028E-4 4.068773706E-6 0.99999994
 1 260 0 T F 5.37274933 15.7692318 25.2567921 0.5 0.5 0. 12560.3896 181.985199 48501.3008 243.919724 300.012482 102.034279 5.23033028E-4 4.068773706E-6 0.99999994
 1 261 0 T F 5.37374926 15.7702322 25.4642105 0.5 0.5 0. 12664.0957 181.981308 48501.3008 243.919724 300.012482 103.709595 5.23033028E-4 4.068773706E-6 0.99999994
 1 262 0 T F 5.37474918 15.7712326 25.675045 0.5 0.5 0. 12769.5088 181.977371 48501.3008 243.919724 300.012482 105.41729 5.23033028E-4 4.068773706E-6 0.99999994
 1 263 0 T F 5.37574911 15.772233 25.8893623 0.5 0.5 0. 12876.6631 181.973389 48501.3008 243.919724 300.012482 107.158226 5.23033028E-4 4.068773706E-6 0.99999994
 1 264 0 T F 5.37674904 15.7732334 26.1072292 0.5 0.5 0. 12985.5928 181.969345 48501.3008 243.919724 300.012482 108.933304 5.23033028E-4 4.068773706E-6 0.99999994
 1 265 0 T F 5.37774897 15.7742338 26.3287163 0.5 0.5 0. 13096.332 181.965256 48501.3008 243.919724 300.012482 110.743301 5.23033028E-4 4.068773706E-6 0.99999994
 1 266 0 T F 5.37874889 15.7752342 26.553894 0.5 0.5 0. 13208.917 181.961105 48501.3008 243.919724 300.012482 112.589035 5.23033028E-4 4.068773706E-6 0.99999994
 1 267 0 T F 5.37974882 15.7762346 26.7828369 0.5 0.5 0. 13323.3848 181.956909 48501.3008 243.919724 300.012482 114.471489 5.23033028E-4 4.068773706E-6 0.99999994
 1 268 0 T F 5.38074875 15.777235 27.0156212 0.5 0.5 0. 13439.7725 181.952652 48501.3008 243.919724 300.012482 116.391693 5.23033028E-4 4.068773706E-6 0.99999994
 1 269 0 T F 5.38174868 15.7782354 27.2523232 0.5 0.5 0. 13558.1191 181.948318 48501.3008 243.919724 300.012482 118.350693 5.23033028E-4 4.068773706E-6 0.99999994
 1 270 0 T F 5.3827486 15.7792358 27.493021 0.5 0.5 0. 13678.4639 181.943954 48501.3008 243.919724 300.012482 120.349289 5.23033028E-4 4.068773706E-6 0.99999994
 1 271 0 T F 5.38374853 15.7802362 27.7377987 0.5 0.5 0. 13800.8477 181.939545 48501.3008 243.919724 300.012482 122.388626 5.23033028E-4 4.068773706E-6 0.99999994
 1 272 0 T F 5.38474846 15.7812366 27.9867382 0.5 0.5 0. 13925.3135 181.935059 48501.3008 243.919724 300.012482 124.469887 5.23033028E-4 4.068773706E-6 0.99999994
 1 273 0 T F 5.38574839 15.7822371 28.2399273 0.5 0.5 0. 14051.9033 181.930527 48501.3008 243.919724 300.012482 126.594307 5.23033028E-4 4.068773706E-6 0.99999994
 1 274 0 T F 5.38674831 15.7832375 28.4974537 0.5 0.5 0. 14180.6611 181.925964 48501.3008 243.919724 300.012482 128.762817 5.23033028E-4 4.068773706E-6 0.99999994
 1 275 0 T F 5.38774824 15.7842379 28.759407 0.5 0.5 0. 14311.6328 181.921326 48501.3008 243.919724 300.012482 130.97673 5.23033028E-4 4.068773706E-6 0.99999994
 1 276 0 T F 5.38874817 15.7852383 29.0258827 0.5 0.5 0. 14444.8652 181.916641 48501.3008 243.919724 300.012482 133.237442 5.23033028E-4 4.068773706E-6 0.99999994
 1 277 0 T F 5.3897481 15.7862387 29.2969761 0.5 0.5 0. 14580.4072 181.911896 48501.3008 243.919724 300.012482 135.546341 5.23033028E-4 4.068773706E-6 0.99999994
 1 278 0 T F 5.39074802 15.7872391 29.5727844 0.5 0.5 0. 14718.3066 181.907089 48501.3008 243.919724 300.012482 137.904556 5.23033028E-4 4.068773706E-6 0.99999994
 1 279 0 T F 5.39174795 15.7882395 29.8534126 0.5 0.5 0. 14858.6152 181.902252 48501.3008 243.919724 300.012482 140.313644 5.23033028E-4 4.068773706E-6 0.99999994
