 20 30 20 1 1
 1 0 0 T F 5.11276817 15.5091267 11.5201359 0.5 0.5 0. 5691.23584 181.16777 48569.5117 263.03598 323.394714 5. 3.303630045E-3 0. 3.303630045E-3
 1 1 0 T F 5.1137681 15.5101271 11.5301361 0.5 0.5 0. 5696.24609 181.177872 48569.5117 263.03598 323.394714 5.00003338 3.303630045E-3 0. 1.
 1 2 0 T F 5.11476803 15.5111275 11.5401373 0.5 0.5 0. 5701.25684 181.187943 48569.5117 263.03598 323.394714 5.00080204 3.303630045E-3 0. 1.
 1 3 0 T F 5.11576796 15.5121279 11.5501423 0.5 0.5 0. 5706.26904 181.197952 48569.5117 263.03598 323.394714 5.00230646 3.303630045E-3 0. 1.
 1 4 0 T F 5.11676788 15.5131283 11.5601511 0.5 0.5 0. 5711.28369 181.207901 48569.5117 263.03598 323.394714 5.00454664 3.303630045E-3 0. 1.
 1 5 0 T F 5.11776781 15.5141287 11.5701666 0.5 0.5 0. 5716.30127 181.217804 48569.5117 263.03598 323.394714 5.00752354 3.303630045E-3 0. 1.
 1 6 0 T F 5.11876774 15.5151291 11.5801888 0.5 0.5 0. 5721.32227 181.227646 48569.5117 263.03598 323.394714 5.01123714 3.303630045E-3 0. 1.
 1 7 0 T F 5.11976767 15.5161295 11.5902205 0.5 0.5 0. 5726.34766 181.237442 48569.5117 263.03598 323.394714 5.0156889 3.303630045E-3 0. 1.
 1 8 0 T F 5.12076759 15.5171299 11.6002626 0.5 0.5 0. 5731.37842 181.247177 48569.5117 263.03598 323.394714 5.02087927 3.303630045E-3 0. 1.
 1 9 0 T F 5.12176752 15.5181303 11.6103163 0.5 0.5 0. 5736.41504 181.256866 48569.5117 263.03598 323.394714 5.02680922 3.303630045E-3 0. 1.
 1 10 0 T F 5.12276745 15.5191307 11.6203833 0.5 0.5 0. 5741.45801 181.266495 48569.5117 263.03598 323.394714 5.03348017 3.303630045E-3 0. 1.
 1 11 0 T F 5.12376738 15.5201311 11.6304655 0.5 0.5 0. 5746.5083 181.276077 48569.5117 263.03598 323.394714 5.0408926 3.303630045E-3 0. 1.
 1 12 0 T F 5.1247673 15.5211315 11.640564 0.5 0.5 0. 5751.56689 181.285599 48569.5117 263.03598 323.394714 5.04904795 3.303630045E-3 0. 1.
 1 13 0 T F 5.12576723 15.5221319 11.6506796 0.5 0.5 0. 5756.63428 181.295059 48569.5117 263.03598 323.394714 5.05794716 3.303630045E-3 0. 1.
 1 14 0 T F 5.12676716 15.5231323 11.6608152 0.5 0.5 0. 5761.71143 181.304474 48569.5117 263.03598 323.394714 5.06759262 3.303630045E-3 0. 1.
 1 15 0 T F 5.12776709 15.5241327 11.6709709 0.5 0.5 0. 5766.79883 181.313843 48569.5117 263.03598 323.394714 5.07798576 3.303630045E-3 0. 1.
 1 16 0 T F 5.12876701 15.5251331 11.6811495 0.5 0.5 0. 5771.89746 181.323135 48569.5117 263.03598 323.394714 5.08912802 3.303630045E-3 0. 1.
 1 17 0 T F 5.12976694 15.5261335 11.6913519 0.5 0.5 0. 5777.00781 181.332397 48569.5117 263.03598 323.394714 5.10102129 3.303630045E-3 0. 1.
 1 18 0 T F 5.13076687 15.5271339 11.7015791 0.5 0.5 0. 5782.13086 181.341599 48569.5117 263.03598 323.394714 5.11366796 3.303630045E-3 0. 1.
 1 19 0 T F 5.1317668 15.5281343 11.711833 0.5 0.5 0. 5787.26709 181.350754 48569.5117 263.03598 323.394714 5.12706995 3.303630045E-3 0. 1.
 1 20 0 T F 5.13276672 15.5291348 11.7221155 0.5 0.5 0. 5792.41748 181.359848 48569.5117 263.03598 323.394714 5.14122915 3.303630045E-3 0. 1.
 1 21 0 T F 5.13376665 15.5301352 11.7324276 0.5 0.5 0. 5797.58252 181.368881 48569.5117 263.03598 323.394714 5.15614748 3.303630045E-3 0. 1.
 1 22 0 T F 5.13476658 15.5311356 11.7427711 0.5 0.5 0. 5802.76318 181.377869 48569.5117 263.03598 323.394714 5.17182779 3.303630045E-3 0. 1.
 1 23 0 T F 5.13576651 15.532136 11.7531481 0.5 0.5 0. 5807.96045 181.386795 48569.5117 263.03598 323.394714 5.18827295 3.303630045E-3 0. 1.
 1 24 0 T F 5.13676643 15.5331364 11.7635593 0.5 0.5 0. 5813.1748 181.395676 48569.5117 263.03598 323.394714 5.20548487 3.303630045E-3 0. 1.
 1 25 0 T F 5.13776636 15.5341368 11.7740059 0.5 0.5 0. 5818.40723 181.40448 48569.5117 263.03598 323.394714 5.2234664 3.303630045E-3 0. 1.
 1 26 0 T F 5.13876629 15.5351372 11.7844906 0.5 0.5 0. 5823.6582 181.413269 48569.5117 263.03598 323.394714 5.24222088 3.303630045E-3 0. 1.
 1 27 0 T F 5.13976622 15.5361376 11.7950144 0.5 0.5 0. 5828.92871 181.421982 48569.5117 263.03598 323.394714 5.26175165 3.303630045E-3 0. 1.
 1 28 0 T F 5.14076614 15.537138 11.8055782 0.5 0.5 0. 5834.21924 181.430634 48569.5117 263.03598 323.394714 5.28206062 3.303630045E-3 0. 1.
 1 29 0 T F 5.14176607 15.5381384 11.816185 0.5 0.5 0. 5839.53125 181.439255 48569.5117 263.03598 323.394714 5.30315208 3.303630045E-3 0. 1.
 1 30 0 T F 5.142766 15.5391388 11.8268347 0.5 0.5 0. 5844.86475 181.4478 48569.5117 263.03598 323.394714 5.32502842 3.303630045E-3 0. 1.
 1 31 0 T F 5.14376593 15.5401392 11.8375301 0.5 0.5 0. 5850.2207 181.456299 48569.5117 263.03598 323.394714 5.34769344 3.303630045E-3 0. 1.
 1 32 0 T F 5.14476585 15.5411396 11.8482723 0.5 0.5 0. 5855.6001 181.464752 48569.5117 263.03598 323.394714 5.37115049 3.303630045E-3 0. 1.
 1 33 0 T F 5.14576578 15.54214 11.8590631 0.5 0.5 0. 5861.00391 181.473145 48569.5117 263.03598 323.394714 5.39540386 3.303630045E-3 0. 1.
 1 34 0 T F 5.14676571 15.5431404 11.8699045 0.5 0.5 0. 5866.43262 181.481491 48569.5117 263.03598 323.394714 5.42045689 3.303630045E-3 0. 1.
 1 35 0 T F 5.14776564 15.5441408 11.8807974 0.5 0.5 0. 5871.88721 181.489761 48569.5117 263.03598 323.394714 5.44631338 3.303630045E-3 0. 1.
 1 36 0 T F 5.14876556 15.5451412 11.8917437 0.5 0.5 0. 5877.36865 181.498001 48569.5117 263.03598 323.394714 5.47297812 3.303630045E-3 0. 1.
 1 37 0 T F 5.14976549 15.5461416 11.9027443 0.5 0.5 0. 5882.87744 181.50618 48569.5117 263.03598 323.394714 5.5004549 3.303630045E-3 0. 1.
 1 38 0 T F 5.15076542 15.547142 11.9138021 0.5 0.5 0. 5888.41455 181.514297 48569.5117 263.03598 323.394714 5.52874804 3.303630045E-3 0. 1.
 1 39 0 T F 5.15176535 15.5481424 11.9249182 0.5 0.5 0. 5893.98047 181.522369 48569.5117 263.03598 323.394714 5.5578618 3.303630045E-3 0. 1.
 1 40 0 T F 5.15276527 15.5491428 11.9360933 0.5 0.5 0. 5899.57617 181.53038 48569.5117 263.03598 323.394714 5.58780098 3.303630045E-3 0. 1.
 1 41 0 T F 5.1537652 15.5501432 11.9473305 0.5 0.5 0. 5905.20264 181.538345 48569.5117 263.03598 323.394714 5.61856985 3.303630045E-3 0. 1.
 1 42 0 T F 5.15476513 15.5511436 11.9586306 0.5 0.5 0. 5910.86084 181.546249 48569.5117 263.03598 323.394714 5.65017414 3.303630045E-3 0. 1.
 1 43 0 T F 5.15576506 15.5521441 11.9699955 0.5 0.5 0. 5916.55127 181.554108 48569.5117 263.03598 323.394714 5.68261719 3.303630045E-3 0. 1.
 1 44 0 T F 5.15676498 15.5531445 11.9814272 0.5 0.5 0. 5922.2749 181.561905 48569.5117 263.03598 323.394714 5.71590519 3.303630045E-3 0. 1.
 1 45 0 T F 5.15776491 15.5541449 11.9929276 0.5 0.5 0. 5928.03271 181.569656 48569.5117 263.03598 323.394714 5.75004339 3.303630045E-3 0. 1.
 1 46 0 T F 5.15876484 15.5551453 12.0044975 0.5 0.5 0. 5933.82568 181.577347 48569.5117 263.03598 323.394714 5.78503656 3.303630045E-3 0. 1.
 1 47 0 T F 5.15976477 15.5561457 12.016139 0.5 0.5 0. 5939.6543 181.584976 48569.5117 263.03598 323.394714 5.8209095 3.303630045E-3 0. 1.
 1 48 0 T F 5.16076469 15.5571461 12.027854 0.5 0.5 0. 5945.51953 181.59256 48569.5117 263.03598 323.394714 5.85769606 3.303630045E-3 0. 1.
 1 49 0 T F 5.16176462 15.5581465 12.0396452 0.5 0.5 0. 5951.42236 181.600113 48569.5117 263.03598 323.394714 5.89540243 3.303630045E-3 0. 1.
 1 50 0 T F 5.16276455 15.5591469 12.0515137 0.5 0.5 0. 5957.36377 181.60759 48569.5117 263.03598 323.394714 5.93403482 3.303630045E-3 0. 1.
 1 51 0 T F 5.16376448 15.5601473 12.0634613 0.5 0.5 0. 5963.34473 181.61499 48569.5117 263.03598 323.394714 5.97359991 3.303630045E-3 0. 1.
 1 52 0 T F 5.1647644 15.5611477 12.075489 0.5 0.5 0. 5969.36621 181.622375 48569.5117 263.03598 323.394714 6.01410294 3.303630045E-3 0. 1.
 1 53 0 T F 5.16576433 15.5621481 12.0875998 0.5 0.5 0. 5975.4292 181.629684 48569.5117 263.03598 323.394714 6.05555248 3.303630045E-3 0. 1.
 1 54 0 T F 5.16676426 15.5631485 12.0997953 0.5 0.5 0. 5981.53418 181.636948 48569.5117 263.03598 323.394714 6.09795427 3.303630045E-3 0. 1.
 1 55 0 T F 5.16776419 15.5641489 12.1120777 0.5 0.5 0. 5987.68262 181.64415 48569.5117 263.03598 323.394714 6.14131594 3.303630045E-3 0. 1.
 1 56 0 T F 5.16876411 15.5651493 12.1244488 0.5 0.5 0. 5993.87549 181.651306 48569.5117 263.03598 323.394714 6.18564415 3.303630045E-3 0. 1.
 1 57 0 T F 5.16976404 15.5661497 12.1369104 0.5 0.5 0. 6000.11377 181.658417 48569.5117 263.03598 323.394714 6.23094606 3.303630045E-3 0. 1.
 1 58 0 T F 5.17076397 15.5671501 12.1494646 0.5 0.5 0. 6006.39795 181.665466 48569.5117 263.03598 323.394714 6.27722979 3.303630045E-3 0. 1.
 1 59 0 T F 5.1717639 15.5681505 12.1621132 0.5 0.5 0. 6012.72949 181.672455 48569.5117 263.03598 323.394714 6.32450342 3.303630045E-3 0. 1.
 1 60 0 T F 5.17276382 15.5691509 12.174859 0.5 0.5 0. 6019.10938 181.679382 48569.5117 263.03598 323.394714 6.37277365 3.303630045E-3 0. 1.
 1 61 0 T F 5.17376375 15.5701513 12.1877031 0.5 0.5 0. 6025.53809 181.686279 48569.5117 263.03598 323.394714 6.42204857 3.303630045E-3 0. 1.
 1 62 0 T F 5.17476368 15.5711517 12.2006474 0.5 0.5 0. 6032.01709 181.6931 48569.5117 263.03598 323.394714 6.47233725 3.303630045E-3 0. 1.
 1 63 0 T F 5.17576361 15.5721521 12.2136946 0.5 0.5 0. 6038.54736 181.699875 48569.5117 263.03598 323.394714 6.52364731 3.303630045E-3 0. 1.
 1 64 0 T F 5.17676353 15.5731525 12.2268467 0.5 0.5 0. 6045.12988 181.706604 48569.5117 263.03598 323.394714 6.57598734 3.303630045E-3 0. 1.
 1 65 0 T F 5.17776346 15.5741529 12.2401056 0.5 0.5 0. 6051.76611 181.713287 48569.5117 263.03598 323.394714 6.62936687 3.303630045E-3 0. 1.
 1 66 0 T F 5.17876339 15.5751534 12.2534733 0.5 0.5 0. 6058.45654 181.719894 48569.5117 263.03598 323.394714 6.68379354 3.303630045E-3 0. 1.
 1 67 0 T F 5.17976332 15.5761538 12.2669516 0.5 0.5 0. 6065.20215 181.726456 48569.5117 263.03598 323.394714 6.73927736 3.303630045E-3 0. 1.
 1 68 0 T F 5.18076324 15.5771542 12.2805433 0.5 0.5 0. 6072.00439 181.732956 48569.5117 263.03598 323.394714 6.79582691 3.303630045E-3 0. 1.
 1 69 0 T F 5.18176317 15.5781546 12.2942505 0.5 0.5 0. 6078.86426 181.73941 48569.5117 263.03598 323.394714 6.85345125 3.303630045E-3 0. 1.
 1 70 0 T F 5.1827631 15.579155 12.308075 0.5 0.5 0. 6085.78271 181.745819 48569.5117 263.03598 323.394714 6.91216087 3.303630045E-3 0. 1.
 1 71 0 T F 5.18376303 15.5801554 12.3220186 0.5 0.5 0. 6092.76123 181.752167 48569.5117 263.03598 323.394714 6.97196484 3.303630045E-3 0. 1.
 1 72 0 T F 5.18476295 15.5811558 12.3360844 0.5 0.5 0. 6099.80029 181.758453 48569.5117 263.03598 323.394714 7.03287363 3.303630045E-3 0. 1.
 1 73 0 T F 5.18576288 15.5821562 12.3502741 0.5 0.5 0. 6106.90137 181.764694 48569.5117 263.03598 323.394714 7.09489632 3.303630045E-3 0. 1.
 1 74 0 T F 5.18676281 15.5831566 12.3645906 0.5 0.5 0. 6114.06543 181.770889 48569.5117 263.03598 323.394714 7.15804386 3.303630045E-3 0. 1.
 1 75 0 T F 5.18776274 15.584157 12.379035 0.5 0.5 0. 6121.29395 181.777008 48569.5117 263.03598 323.394714 7.22232771 3.303630045E-3 0. 1.
 1 76 0 T F 5.18876266 15.5851574 12.393611 0.5 0.5 0. 6128.58789 181.783096 48569.5117 263.03598 323.394714 7.2877574 3.303630045E-3 0. 1.
 1 77 0 T F 5.18976259 15.5861578 12.4083195 0.5 0.5 0. 6135.94824 181.789108 48569.5117 263.03598 323.394714 7.35434389 3.303630045E-3 0. 1.
 1 78 0 T F 5.19076252 15.5871582 12.4231634 0.5 0.5 0. 6143.37646 181.79509 48569.5117 263.03598 323.394714 7.42209911 3.303630045E-3 0. 1.
 1 79 0 T F 5.19176245 15.5881586 12.4381456 0.5 0.5 0. 6150.87354 181.80101 48569.5117 263.03598 323.394714 7.49103355 3.303630045E-3 0. 1.
 1 80 0 T F 5.19276237 15.589159 12.4532681 0.5 0.5 0. 6158.44043 181.806854 48569.5117 263.03598 323.394714 7.56115913 3.303630045E-3 0. 1.
 1 81 0 T F 5.1937623 15.5901594 12.4685326 0.5 0.5 0. 6166.07861 181.812683 48569.5117 263.03598 323.394714 7.63248777 3.303630045E-3 0. 1.
 1 82 0 T F 5.19476223 15.5911598 12.483943 0.5 0.5 0. 6173.78955 181.818436 48569.5117 263.03598 323.394714 7.70503044 3.303630045E-3 0. 1.
 1 83 0 T F 5.19576216 15.5921602 12.4995003 0.5 0.5 0. 6181.57422 181.824127 48569.5117 263.03598 323.394714 7.77880001 3.303630045E-3 0. 1.
 1 84 0 T F 5.19676208 15.5931606 12.5152082 0.5 0.5 0. 6189.43359 181.829773 48569.5117 263.03598 323.394714 7.8538084 3.303630045E-3 0. 1.
 1 85 0 T F 5.19776201 15.594161 12.5310688 0.5 0.5 0. 6197.36914 181.835358 48569.5117 263.03598 323.394714 7.93006802 3.303630045E-3 0. 1.
 1 86 0 T F 5.19876194 15.5951614 12.5470839 0.5 0.5 0. 6205.38232 181.840912 48569.5117 263.03598 323.394714 8.0075922 3.303630045E-3 0. 1.
 1 87 0 T F 5.19976187 15.5961618 12.5632563 0.5 0.5 0. 6213.47412 181.84639 48569.5117 263.03598 323.394714 8.08639336 3.303630045E-3 0. 1.
 1 88 0 T F 5.2007618 15.5971622 12.5795889 0.5 0.5 0. 6221.646 181.851822 48569.5117 263.03598 323.394714 8.16648579 3.303630045E-3 0. 1.
 1 89 0 T F 5.20176172 15.5981627 12.5960846 0.5 0.5 0. 6229.89941 181.857193 48569.5117 263.03598 323.394714 8.24788189 3.303630045E-3 0. 1.
 1 90 0 T F 5.20276165 15.5991631 12.6127462 0.5 0.5 0. 6238.23535 181.862534 48569.5117 263.03598 323.394714 8.33059597 3.303630045E-3 0. 1.
 1 91 0 T F 5.20376158 15.6001635 12.6295757 0.5 0.5 0. 6246.65527 181.867798 48569.5117 263.03598 323.394714 8.41464233 3.303630045E-3 0. 1.
 1 92 0 T F 5.20476151 15.6011639 12.6465759 0.5 0.5 0. 6255.16064 181.873016 48569.5117 263.03598 323.394714 8.50003433 3.303630045E-3 0. 1.
 1 93 0 T F 5.20576143 15.6021643 12.6637497 0.5 0.5 0. 6263.75244 181.878189 48569.5117 263.03598 323.394714 8.58678627 3.303630045E-3 0. 1.
 1 94 0 T F 5.20676136 15.6031647 12.6810999 0.5 0.5 0. 6272.43262 181.883286 48569.5117 263.03598 323.394714 8.67491245 3.303630045E-3 0. 1.
 1 95 0 T F 5.20776129 15.6041651 12.6986284 0.5 0.5 0. 6281.20215 181.888336 48569.5117 263.03598 323.394714 8.76442814 3.303630045E-3 0. 1.
 1 96 0 T F 5.20876122 15.6051655 12.7163391 0.5 0.5 0. 6290.0625 181.893341 48569.5117 263.03598 323.394714 8.85534859 3.303630045E-3 0. 1.
 1 97 0 T F 5.20976114 15.6061659 12.7342348 0.5 0.5 0. 6299.01514 181.8983 48569.5117 263.03598 323.394714 8.94768906 3.303630045E-3 0. 1.
 1 98 0 T F 5.21076107 15.6071663 12.7523174 0.5 0.5 0. 6308.06152 181.903183 48569.5117 263.03598 323.394714 9.04146576 3.303630045E-3 0. 1.
 1 99 0 T F 5.211761 15.6081667 12.7705908 0.5 0.5 0. 6317.20313 181.908035 48569.5117 263.03598 323.394714 9.13669395 3.303630045E-3 0. 1.
 1 100 0 T F 5.21276093 15.6091671 12.7890577 0.5 0.5 0. 6326.44141 181.912811 48569.5117 263.03598 323.394714 9.23338985 3.303630045E-3 0. 1.
 1 101 0 T F 5.21376085 15.6101675 12.8077211 0.5 0.5 0. 6335.77783 181.917542 48569.5117 263.03598 323.394714 9.33156967 3.303630045E-3 0. 1.
 1 102 0 T F 5.21476078 15.6111679 12.8265839 0.5 0.5 0. 6345.21387 181.922211 48569.5117 263.03598 323.394714 9.43124962 3.303630045E-3 0. 1.
 1 103 0 T F 5.21576071 15.6121683 12.8456488 0.5 0.5 0. 6354.75098 181.926849 48569.5117 263.03598 323.394714 9.53244781 3.303630045E-3 0. 1.
 1 104 0 T F 5.21676064 15.6131687 12.8649187 0.5 0.5 0. 6364.39063 181.931412 48569.5117 263.03598 323.394714 9.63518047 3.303630045E-3 0. 1.
 1 105 0 T F 5.21776056 15.6141691 12.8843975 0.5 0.5 0. 6374.13477 181.935928 48569.5117 263.03598 323.394714 9.73946571 3.303630045E-3 0. 1.
 1 106 0 T F 5.21876049 15.6151695 12.904088 0.5 0.5 0. 6383.98438 181.940399 48569.5117 263.03598 323.394714 9.84532166 3.303630045E-3 0. 1.
 1 107 0 T F 5.21976042 15.6161699 12.9239931 0.5 0.5 0. 6393.94141 181.944809 48569.5117 263.03598 323.394714 9.95276451 3.303630045E-3 0. 1.
 1 108 0 T F 5.22076035 15.6171703 12.9441166 0.5 0.5 0. 6404.00781 181.949158 48569.5117 263.03598 323.394714 10.0618143 3.303630045E-3 0. 1.
 1 109 0 T F 5.22176027 15.6181707 12.9644613 0.5 0.5 0. 6414.18457 181.953461 48569.5117 263.03598 323.394714 10.1724892 3.303630045E-3 0. 1.
 1 110 0 T F 5.2227602 15.6191711 12.9850311 0.5 0.5 0. 6424.47363 181.957703 48569.5117 263.03598 323.394714 10.2848082 3.303630045E-3 0. 1.
 1 111 0 T F 5.22376013 15.6201715 13.0058289 0.5 0.5 0. 6434.87646 181.961899 48569.5117 263.03598 323.394714 10.3987904 3.303630045E-3 0. 1.
 1 112 0 T F 5.22476006 15.621172 13.0268574 0.5 0.5 0. 6445.39502 181.966034 48569.5117 263.03598 323.394714 10.5143871 3.303630045E-3 0. 1.
 1 113 0 T F 5.22575998 15.6221724 13.0481205 0.5 0.5 0. 6456.03076 181.970123 48569.5117 263.03598 323.394714 10.631443 3.303630045E-3 0. 1.
 1 114 0 T F 5.22675991 15.6231728 13.0696201 0.5 0.5 0. 6466.78467 181.974167 48569.5117 263.03598 323.394714 10.7499743 3.303630045E-3 0. 1.
 1 115 0 T F 5.22775984 15.6241732 13.0913601 0.5 0.5 0. 6477.65869 181.978134 48569.5117 263.03598 323.394714 10.8699989 3.303630045E-3 0. 1.
 1 116 0 T F 5.22875977 15.6251736 13.1133432 0.5 0.5 0. 6488.6543 181.982056 48569.5117 263.03598 323.394714 10.9915333 3.303630045E-3 0. 1.
 1 117 0 T F 5.22975969 15.626174 13.1355724 0.5 0.5 0. 6499.77295 181.985931 48569.5117 263.03598 323.394714 11.1145964 3.303630045E-3 0. 1.
 1 118 0 T F 5.23075962 15.6271744 13.1580505 0.5 0.5 0. 6511.01611 181.989761 48569.5117 263.03598 323.394714 11.2392054 3.303630045E-3 0. 1.
 1 119 0 T F 5.23175955 15.6281748 13.1807814 0.5 0.5 0. 6522.38525 181.9935 48569.5117 263.03598 323.394714 11.3653793 3.303630045E-3 0. 1.
 1 120 0 T F 5.23275948 15.6291752 13.2037678 0.5 0.5 0. 6533.88232 181.997223 48569.5117 263.03598 323.394714 11.4931364 3.303630045E-3 0. 1.
 1 121 0 T F 5.2337594 15.6301756 13.2270126 0.5 0.5 0. 6545.5083 182.000885 48569.5117 263.03598 323.394714 11.6224957 3.303630045E-3 0. 1.
 1 122 0 T F 5.23475933 15.631176 13.2505198 0.5 0.5 0. 6557.26514 182.004471 48569.5117 263.03598 323.394714 11.7534752 3.303630045E-3 0. 1.
 1 123 0 T F 5.23575926 15.6321764 13.274292 0.5 0.5 0. 6569.15479 182.008026 48569.5117 263.03598 323.394714 11.886095 3.303630045E-3 0. 1.
 1 124 0 T F 5.23675919 15.6331768 13.2983332 0.5 0.5 0. 6581.17871 182.01152 48569.5117 263.03598 323.394714 12.0203753 3.303630045E-3 0. 1.
 1 125 0 T F 5.23775911 15.6341772 13.3226461 0.5 0.5 0. 6593.33838 182.014954 48569.5117 263.03598 323.394714 12.1563349 3.303630045E-3 0. 1.
 1 126 0 T F 5.23875904 15.6351776 13.3472338 0.5 0.5 0. 6605.63574 182.018341 48569.5117 263.03598 323.394714 12.2939949 3.303630045E-3 0. 1.
 1 127 0 T F 5.23975897 15.636178 13.3721008 0.5 0.5 0. 6618.07227 182.021683 48569.5117 263.03598 323.394714 12.4333744 3.303630045E-3 0. 1.
 1 128 0 T F 5.2407589 15.6371784 13.3972502 0.5 0.5 0. 6630.6499 182.024963 48569.5117 263.03598 323.394714 12.5744953 3.303630045E-3 0. 1.
 1 129 0 T F 5.24175882 15.6381788 13.4226847 0.5 0.5 0. 6643.37061 182.028183 48569.5117 263.03598 323.394714 12.7173786 3.303630045E-3 0. 1.
 1 130 0 T F 5.24275875 15.6391792 13.4484091 0.5 0.5 0. 6656.23584 182.031357 48569.5117 263.03598 323.394714 12.8620453 3.303630045E-3 0. 1.
 1 131 0 T F 5.24375868 15.6401796 13.4744263 0.5 0.5 0. 6669.24756 182.034485 48569.5117 263.03598 323.394714 13.0085163 3.303630045E-3 0. 1.
 1 132 0 T F 5.24475861 15.64118 13.5007401 0.5 0.5 0. 6682.40723 182.037537 48569.5117 263.03598 323.394714 13.1568136 3.303630045E-3 0. 1.
 1 133 0 T F 5.24575853 15.6421804 13.5273542 0.5 0.5 0. 6695.71729 182.040543 48569.5117 263.03598 323.394714 13.3069601 3.303630045E-3 0. 1.
 1 134 0 T F 5.24675846 15.6431808 13.5542727 0.5 0.5 0. 6709.1792 182.043503 48569.5117 263.03598 323.394714 13.4589777 3.303630045E-3 0. 1.
 1 135 0 T F 5.24775839 15.6441813 13.5814981 0.5 0.5 0. 6722.79492 182.046402 48569.5117 263.03598 323.394714 13.6128902 3.303630045E-3 0. 1.
 1 136 0 T F 5.24875832 15.6451817 13.6090355 0.5 0.5 0. 6736.56641 182.04924 48569.5117 263.03598 323.394714 13.7687197 3.303630045E-3 0. 1.
 1 137 0 T F 5.24975824 15.6461821 13.6368885 0.5 0.5 0. 6750.49561 182.052048 48569.5117 263.03598 323.394714 13.9264898 3.303630045E-3 0. 1.
 1 138 0 T F 5.25075817 15.6471825 13.665061 0.5 0.5 0. 6764.58447 182.054779 48569.5117 263.03598 323.394714 14.0862246 3.303630045E-3 0. 1.
 1 139 0 T F 5.2517581 15.6481829 13.6935568 0.5 0.5 0. 6778.83496 182.057465 48569.5117 263.03598 323.394714 14.2479477 3.303630045E-3 0. 1.
 1 140 0 T F 5.25275803 15.6491833 13.7223797 0.5 0.5 0. 6793.24951 182.060089 48569.5117 263.03598 323.394714 14.411684 3.303630045E-3 0. 1.
 1 141 0 T F 5.25375795 15.6501837 13.7515345 0.5 0.5 0. 6807.82959 182.062683 48569.5117 263.03598 323.394714 14.5774574 3.303630045E-3 0. 1.
 1 142 0 T F 5.25475788 15.6511841 13.7810249 0.5 0.5 0. 6822.57764 182.065201 48569.5117 263.03598 323.394714 14.7452936 3.303630045E-3 0. 1.
 1 143 0 T F 5.25575781 15.6521845 13.8108549 0.5 0.5 0. 6837.49512 182.067673 48569.5117 263.03598 323.394714 14.9152184 3.303630045E-3 0. 1.
 1 144 0 T F 5.25675774 15.6531849 13.8410292 0.5 0.5 0. 6852.58496 182.070084 48569.5117 263.03598 323.394714 15.0872564 3.303630045E-3 0. 1.
 1 145 0 T F 5.25775766 15.6541853 13.8715525 0.5 0.5 0. 6867.84863 182.072464 48569.5117 263.03598 323.394714 15.2614346 3.303630045E-3 0. 1.
 1 146 0 T F 5.25875759 15.6551857 13.9024277 0.5 0.5 0. 6883.28857 182.074768 48569.5117 263.03598 323.394714 15.4377794 3.303630045E-3 0. 1.
 1 147 0 T F 5.25975752 15.6561861 13.9336605 0.5 0.5 0. 6898.90723 182.077011 48569.5117 263.03598 323.394714 15.6163177 3.303630045E-3 0. 1.
 1 148 0 T F 5.26075745 15.6571865 13.9652548 0.5 0.5 0. 6914.70654 182.079208 48569.5117 263.03598 323.394714 15.7970781 3.303630045E-3 0. 1.
 1 149 0 T F 5.26175737 15.6581869 13.9972153 0.5 0.5 0. 6930.68896 182.08136 48569.5117 263.03598 323.394714 15.9800863 3.303630045E-3 0. 1.
 1 150 0 T F 5.2627573 15.6591873 14.0295458 0.5 0.5 0. 6946.85645 182.083466 48569.5117 263.03598 323.394714 16.1653709 3.303630045E-3 0. 1.
 1 151 0 T F 5.26375723 15.6601877 14.062253 0.5 0.5 0. 6963.21191 182.085495 48569.5117 263.03598 323.394714 16.353508 3.303630045E-3 0. 1.
 1 152 0 T F 5.26475716 15.6611881 14.0953426 0.5 0.5 0. 6979.7583 182.087479 48569.5117 263.03598 323.394714 16.5445843 3.303630045E-3 0. 1.
 1 153 0 T F 5.26575708 15.6621885 14.1288195 0.5 0.5 0. 6996.49902 182.089432 48569.5117 263.03598 323.394714 16.7386379 3.303630045E-3 0. 1.
 1 154 0 T F 5.26675701 15.6631889 14.1626911 0.5 0.5 0. 7013.43652 182.091309 48569.5117 263.03598 323.394714 16.935709 3.303630045E-3 0. 1.
 1 155 0 T F 5.26775694 15.6641893 14.1969624 0.5 0.5 0. 7030.57422 182.093124 48569.5117 263.03598 323.394714 17.1358356 3.303630045E-3 0. 1.
 1 156 0 T F 5.26875687 15.6651897 14.2316408 0.5 0.5 0. 7047.91504 182.09491 48569.5117 263.03598 323.394714 17.339056 3.303630045E-3 0. 1.
 1 157 0 T F 5.26975679 15.6661901 14.2667313 0.5 0.5 0. 7065.4624 182.096619 48569.5117 263.03598 323.394714 17.545414 3.303630045E-3 0. 1.
 1 158 0 T F 5.27075672 15.6671906 14.3022413 0.5 0.5 0. 7083.21924 182.098282 48569.5117 263.03598 323.394714 17.7549477 3.303630045E-3 0. 1.
 1 159 0 T F 5.27175665 15.668191 14.3381767 0.5 0.5 0. 7101.18848 182.099884 48569.5117 263.03598 323.394714 17.967701 3.303630045E-3 0. 1.
 1 160 0 T F 5.27275658 15.6691914 14.3745441 0.5 0.5 0. 7119.37354 182.10144 48569.5117 263.03598 323.394714 18.1837158 3.303630045E-3 0. 1.
 1 161 0 T F 5.2737565 15.6701918 14.4113503 0.5 0.5 0. 7137.77783 182.102936 48569.5117 263.03598 323.394714 18.4030361 3.303630045E-3 0. 1.
 1 162 0 T F 5.27475643 15.6711922 14.4486017 0.5 0.5 0. 7156.40479 182.104401 48569.5117 263.03598 323.394714 18.6257057 3.303630045E-3 0. 1.
 1 163 0 T F 5.27575636 15.6721926 14.4863052 0.5 0.5 0. 7175.25781 182.105789 48569.5117 263.03598 323.394714 18.8517685 3.303630045E-3 0. 1.
 1 164 0 T F 5.27675629 15.673193 14.5244675 0.5 0.5 0. 7194.34033 182.107132 48569.5117 263.03598 323.394714 19.0812721 3.303630045E-3 0. 1.
 1 165 0 T F 5.27775621 15.6741934 14.563096 0.5 0.5 0. 7213.65576 182.108398 48569.5117 263.03598 323.394714 19.3142624 3.303630045E-3 0. 1.
 1 166 0 T F 5.27875614 15.6751938 14.6021976 0.5 0.5 0. 7233.20801 182.10965 48569.5117 263.03598 323.394714 19.5507851 3.303630045E-3 0. 1.
 1 167 0 T F 5.27975607 15.6761942 14.6417799 0.5 0.5 0. 7253. 182.110825 48569.5117 263.03598 323.394714 19.7908916 3.303630045E-3 0. 1.
 1 168 0 T F 5.280756 15.6771946 14.6818495 0.5 0.5 0. 7273.03564 182.111954 48569.5117 263.03598 323.394714 20.0346298 3.303630045E-3 0. 1.
 1 169 0 T F 5.28175592 15.678195 14.722414 0.5 0.5 0. 7293.31885 182.113022 48569.5117 263.03598 323.394714 20.2820473 3.303630045E-3 0. 1.
 1 170 0 T F 5.28275585 15.6791954 14.7634802 0.5 0.5 0. 7313.85303 182.114044 48569.5117 263.03598 323.394714 20.5331974 3.303630045E-3 0. 1.
 1 171 0 T F 5.28375578 15.6801958 14.8050566 0.5 0.5 0. 7334.64209 182.115005 48569.5117 263.03598 323.394714 20.7881317 3.303630045E-3 0. 1.
 1 172 0 T F 5.28475571 15.6811962 14.8471508 0.5 0.5 0. 7355.68994 182.115921 48569.5117 263.03598 323.394714 21.0469017 3.303630045E-3 0. 1.
 1 173 0 T F 5.28575563 15.6821966 14.8897696 0.5 0.5 0. 7377.00049 182.116776 48569.5117 263.03598 323.394714 21.3095627 3.303630045E-3 0. 1.
 1 174 0 T F 5.28675556 15.683197 14.9329224 0.5 0.5 0. 7398.57764 182.117569 48569.5117 263.03598 323.394714 21.5761681 3.303630045E-3 0. 1.
 1 175 0 T F 5.28775549 15.6841974 14.9766159 0.5 0.5 0. 7420.42529 182.118317 48569.5117 263.03598 323.394714 21.8467731 3.303630045E-3 0. 1.
 1 176 0 T F 5.28875542 15.6851978 15.0208588 0.5 0.5 0. 7442.54736 182.119019 48569.5117 263.03598 323.394714 22.1214333 3.303630045E-3 0. 1.
 1 177 0 T F 5.28975534 15.6861982 15.0656595 0.5 0.5 0. 7464.94824 182.119675 48569.5117 263.03598 323.394714 22.4004555 3.303630045E-3 0. 1.
 1 178 0 T F 5.29075527 15.6871986 15.1110277 0.5 0.5 0. 7487.63281 182.120239 48569.5117 263.03598 323.394714 22.6841812 3.303630045E-3 0. 1.
 1 179 0 T F 5.2917552 15.688199 15.1569729 0.5 0.5 0. 7510.60596 182.120773 48569.5117 263.03598 323.394714 22.9726791 3.303630045E-3 0. 1.
 1 180 0 T F 5.29275513 15.6891994 15.2035046 0.5 0.5 0. 7533.87256 182.121262 48569.5117 263.03598 323.394714 23.2660198 3.303630045E-3 0. 1.
 1 181 0 T F 5.29375505 15.6901999 15.2506332 0.5 0.5 0. 7557.4375 182.121689 48569.5117 263.03598 323.394714 23.5642738 3.303630045E-3 0. 1.
 1 182 0 T F 5.29475498 15.6912003 15.2983685 0.5 0.5 0. 7581.30518 182.122055 48569.5117 263.03598 323.394714 23.8675117 3.303630045E-3 0. 1.
 1 183 0 T F 5.29575491 15.6922007 15.3467197 0.5 0.5 0. 7605.48145 182.122375 48569.5117 263.03598 323.394714 24.1758099 3.303630045E-3 0. 1.
 1 184 0 T F 5.29675484 15.6932011 15.3956985 0.5 0.5 0. 7629.9707 182.122635 48569.5117 263.03598 323.394714 24.4892426 3.303630045E-3 0. 1.
 1 185 0 T F 5.29775476 15.6942015 15.4453144 0.5 0.5 0. 7654.77881 182.122849 48569.5117 263.03598 323.394714 24.807888 3.303630045E-3 0. 1.
 1 186 0 T F 5.29875469 15.6952019 15.4955778 0.5 0.5 0. 7679.91064 182.123001 48569.5117 263.03598 323.394714 25.1318226 3.303630045E-3 0. 1.
 1 187 0 T F 5.29975462 15.6962023 15.5465002 0.5 0.5 0. 7705.37207 182.123108 48569.5117 263.03598 323.394714 25.4611263 3.303630045E-3 0. 1.
 1 188 0 T F 5.30075455 15.6972027 15.5980921 0.5 0.5 0. 7731.16797 182.123154 48569.5117 263.03598 323.394714 25.7958832 3.303630045E-3 0. 1.
 1 189 0 T F 5.30175447 15.6982031 15.6503649 0.5 0.5 0. 7757.3042 182.123154 48569.5117 263.03598 323.394714 26.1361752 3.303630045E-3 0. 1.
 1 190 0 T F 5.3027544 15.6992035 15.7033291 0.5 0.5 0. 7783.78613 182.123093 48569.5117 263.03598 323.394714 26.4820862 3.303630045E-3 0. 1.
 1 191 0 T F 5.30375433 15.7002039 15.7569962 0.5 0.5 0. 7810.61963 182.122971 48569.5117 263.03598 323.394714 26.833704 3.303630045E-3 0. 1.
 1 192 0 T F 5.30475426 15.7012043 15.8113785 0.5 0.5 0. 7837.81055 182.122818 48569.5117 263.03598 323.394714 27.1911163 3.303630045E-3 0. 1.
 1 193 0 T F 5.30575418 15.7022047 15.8664875 0.5 0.5 0. 7865.36475 182.122589 48569.5117 263.03598 323.394714 27.5544147 3.303630045E-3 0. 1.
 1 194 0 T F 5.30675411 15.7032051 15.9223347 0.5 0.5 0. 7893.28809 182.122314 48569.5117 263.03598 323.394714 27.9236908 3.303630045E-3 0. 1.
 1 195 0 T F 5.30775404 15.7042055 15.9789324 0.5 0.5 0. 7921.58691 182.121994 48569.5117 263.03598 323.394714 28.2990379 3.303630045E-3 0. 1.
 1 196 0 T F 5.30875397 15.7052059 16.036293 0.5 0.5 0. 7950.26709 182.121597 48569.5117 263.03598 323.394714 28.6805515 3.303630045E-3 0. 1.
 1 197 0 T F 5.30975389 15.7062063 16.0944252 0.5 0.5 0. 7979.33301 182.12117 48569.5117 263.03598 323.394714 29.0665359 3.303630045E-3 0. 1.
 1 198 0 T F 5.31075382 15.7072067 16.1533375 0.5 0.5 0. 8008.78857 182.120682 48569.5117 263.03598 323.394714 29.4560013 3.303630045E-3 0. 1.
 1 199 0 T F 5.31175375 15.7082071 16.2130356 0.5 0.5 0. 8038.63721 182.120132 48569.5117 263.03598 323.394714 29.848999 3.303630045E-3 0. 1.
 1 200 0 T F 5.31275368 15.7092075 16.2735271 0.5 0.5 0. 8068.88232 182.119537 48569.5117 263.03598 323.394714 30.2455826 3.303630045E-3 0. 1.
 1 201 0 T F 5.3137536 15.7102079 16.3348179 0.5 0.5 0. 8099.52734 182.118881 48569.5117 263.03598 323.394714 30.6458035 3.303630045E-3 0. 1.
 1 202 0 T F 5.31475353 15.7112083 16.3969173 0.5 0.5 0. 8130.57617 182.118179 48569.5117 263.03598 323.394714 31.049715 3.303630045E-3 0. 1.
 1 203 0 T F 5.31575346 15.7122087 16.4598312 0.5 0.5 0. 8162.03271 182.117432 48569.5117 263.03598 323.394714 31.4573708 3.303630045E-3 0. 1.
 1 204 0 T F 5.31675339 15.7132092 16.5235691 0.5 0.5 0. 8193.90039 182.116608 48569.5117 263.03598 323.394714 31.8688259 3.303630045E-3 0. 1.
 1 205 0 T F 5.31775331 15.7142096 16.5881367 0.5 0.5 0. 8226.18359 182.115738 48569.5117 263.03598 323.394714 32.2841339 3.303630045E-3 0. 1.
 1 206 0 T F 5.31875324 15.71521 16.6535435 0.5 0.5 0. 8258.88574 182.114822 48569.5117 263.03598 323.394714 32.7033539 3.303630045E-3 0. 1.
 1 207 0 T F 5.31975317 15.7162104 16.7197971 0.5 0.5 0. 8292.01172 182.113846 48569.5117 263.03598 323.394714 33.1265373 3.303630045E-3 0. 1.
 1 208 0 T F 5.3207531 15.7172108 16.7869053 0.5 0.5 0. 8325.56445 182.112823 48569.5117 263.03598 323.394714 33.5537453 3.303630045E-3 0. 1.
 1 209 0 T F 5.32175303 15.7182112 16.8548756 0.5 0.5 0. 8359.54883 182.11174 48569.5117 263.03598 323.394714 33.9850349 3.303630045E-3 0. 1.
 1 210 0 T F 5.32275295 15.7192116 16.9237156 0.5 0.5 0. 8393.96777 182.110611 48569.5117 263.03598 323.394714 34.4204674 3.303630045E-3 0. 1.
 1 211 0 T F 5.32375288 15.720212 16.9934349 0.5 0.5 0. 8428.82715 182.109406 48569.5117 263.03598 323.394714 34.8600998 3.303630045E-3 0. 1.
 1 212 0 T F 5.32475281 15.7212124 17.064043 0.5 0.5 0. 8464.12988 182.10817 48569.5117 263.03598 323.394714 35.3039894 3.303630045E-3 0. 1.
 1 213 0 T F 5.32575274 15.7222128 17.1355515 0.5 0.5 0. 8499.88281 182.106873 48569.5117 263.03598 323.394714 35.7539558 3.303630045E-3 0. 1.
 1 214 0 T F 5.32675266 15.7232132 17.2079716 0.5 0.5 0. 8536.0918 182.10553 48569.5117 263.03598 323.394714 36.2102737 3.303630045E-3 0. 1.
 1 215 0 T F 5.32775259 15.7242136 17.2813168 0.5 0.5 0. 8572.76367 182.104126 48569.5117 263.03598 323.394714 36.6730385 3.303630045E-3 0. 1.
 1 216 0 T F 5.32875252 15.725214 17.3556023 0.5 0.5 0. 8609.9043 182.102661 48569.5117 263.03598 323.394714 37.1423492 3.303630045E-3 0. 1.
 1 217 0 T F 5.32975245 15.7262144 17.4308395 0.5 0.5 0. 8647.52148 182.101151 48569.5117 263.03598 323.394714 37.6183052 3.303630045E-3 0. 1.
 1 218 0 T F 5.33075237 15.7272148 17.5070419 0.5 0.5 0. 8685.62109 182.099579 48569.5117 263.03598 323.394714 38.1010094 3.303630045E-3 0. 1.
 1 219 0 T F 5.3317523 15.7282152 17.5842228 0.5 0.5 0. 8724.20996 182.097961 48569.5117 263.03598 323.394714 38.5905647 3.303630045E-3 0. 1.
 1 220 0 T F 5.33275223 15.7292156 17.6623974 0.5 0.5 0. 8763.29492 182.096298 48569.5117 263.03598 323.394714 39.0870781 3.303630045E-3 0. 1.
 1 221 0 T F 5.33375216 15.730216 17.7415791 0.5 0.5 0. 8802.88379 182.094559 48569.5117 263.03598 323.394714 39.5906563 3.303630045E-3 0. 1.
 1 222 0 T F 5.33475208 15.7312164 17.8217812 0.5 0.5 0. 8842.9834 182.092773 48569.5117 263.03598 323.394714 40.1014099 3.303630045E-3 0. 1.
 1 223 0 T F 5.33575201 15.7322168 17.9030209 0.5 0.5 0. 8883.60059 182.090942 48569.5117 263.03598 323.394714 40.6194534 3.303630045E-3 0. 1.
 1 224 0 T F 5.33675194 15.7332172 17.9853115 0.5 0.5 0. 8924.74316 182.089066 48569.5117 263.03598 323.394714 41.1448975 3.303630045E-3 0. 1.
 1 225 0 T F 5.33775187 15.7342176 18.0686665 0.5 0.5 0. 8966.41895 182.087112 48569.5117 263.03598 323.394714 41.6778603 3.303630045E-3 0. 1.
 1 226 0 T F 5.33875179 15.735218 18.1531048 0.5 0.5 0. 9008.63574 182.085114 48569.5117 263.03598 323.394714 42.2187309 3.303630045E-3 0. 1.
 1 227 0 T F 5.33975172 15.7362185 18.2386398 0.5 0.5 0. 9051.40137 182.083069 48569.5117 263.03598 323.394714 42.7676964 3.303630045E-3 0. 1.
 1 228 0 T F 5.34075165 15.7372189 18.3252888 0.5 0.5 0. 9094.72461 182.080948 48569.5117 263.03598 323.394714 43.3248863 3.303630045E-3 0. 1.
 1 229 0 T F 5.34175158 15.7382193 18.4130688 0.5 0.5 0. 9138.61328 182.078796 48569.5117 263.03598 323.394714 43.8904305 3.303630045E-3 0. 1.
 1 230 0 T F 5.3427515 15.7392197 18.501997 0.5 0.5 0. 9183.0752 182.076584 48569.5117 263.03598 323.394714 44.4644661 3.303630045E-3 0. 1.
 1 231 0 T F 5.34375143 15.7402201 18.5920906 0.5 0.5 0. 9228.12012 182.074326 48569.5117 263.03598 323.394714 45.0471306 3.303630045E-3 0. 1.
 1 232 0 T F 5.34475136 15.7412205 18.6833687 0.5 0.5 0. 9273.75684 182.072006 48569.5117 263.03598 323.394714 45.6385651 3.303630045E-3 0. 1.
 1 233 0 T F 5.34575129 15.7422209 18.7758465 0.5 0.5 0. 9319.99316 182.069626 48569.5117 263.03598 323.394714 46.2389145 3.303630045E-3 0. 1.
 1 234 0 T F 5.34675121 15.7432213 18.8695431 0.5 0.5 0. 9366.83887 182.0672 48569.5117 263.03598 323.394714 46.8483238 3.303630045E-3 0. 1.
 1 235 0 T F 5.34775114 15.7442217 18.9644775 0.5 0.5 0. 9414.30371 182.064728 48569.5117 263.03598 323.394714 47.4669456 3.303630045E-3 0. 1.
 1 236 0 T F 5.34875107 15.7452221 19.060667 0.5 0.5 0. 9462.39648 182.062195 48569.5117 263.03598 323.394714 48.0949287 3.303630045E-3 0. 1.
 1 237 0 T F 5.349751 15.7462225 19.1581326 0.5 0.5 0. 9511.12695 182.059601 48569.5117 263.03598 323.394714 48.7326431 3.303630045E-3 0. 1.
 1 238 0 T F 5.35075092 15.7472229 19.2568932 0.5 0.5 0. 9560.50488 182.056946 48569.5117 263.03598 323.394714 49.3803749 3.303630045E-3 0. 1.
 1 239 0 T F 5.35175085 15.7482233 19.3569698 0.5 0.5 0. 9610.54004 182.05426 48569.5117 263.03598 323.394714 50.0382919 3.303630045E-3 0. 1.
 1 240 0 T F 5.35275078 15.7492237 19.4583836 0.5 0.5 0. 9661.24414 182.051498 48569.5117 263.03598 323.394714 50.7065697 3.303630045E-3 0. 1.
 1 241 0 T F 5.35375071 15.7502241 19.5611534 0.5 0.5 0. 9712.62695 182.048706 48569.5117 263.03598 323.394714 51.3853836 3.303630045E-3 0. 1.
 1 242 0 T F 5.35475063 15.7512245 19.6653042 0.5 0.5 0. 9764.69922 182.045853 48569.5117 263.03598 323.394714 52.0749207 3.303630045E-3 0. 1.
 1 243 0 T F 5.35575056 15.7522249 19.7708549 0.5 0.5 0. 9817.47168 182.042923 48569.5117 263.03598 323.394714 52.7753601 3.303630045E-3 0. 1.
 1 244 0 T F 5.35675049 15.7532253 19.8778286 0.5 0.5 0. 9870.95605 182.039963 48569.5117 263.03598 323.394714 53.4868965 3.303630045E-3 0. 1.
 1 245 0 T F 5.35775042 15.7542257 19.986248 0.5 0.5 0. 9925.16309 182.036942 48569.5117 263.03598 323.394714 54.2097244 3.303630045E-3 0. 1.
 1 246 0 T F 5.35875034 15.7552261 20.0961361 0.5 0.5 0. 9980.10449 182.03389 48569.5117 263.03598 323.394714 54.9440422 3.303630045E-3 0. 1.
 1 247 0 T F 5.35975027 15.7562265 20.2075176 0.5 0.5 0. 10035.793 182.030731 48569.5117 263.03598 323.394714 55.691185 3.303630045E-3 0. 1.
 1 248 0 T F 5.3607502 15.7572269 20.3204212 0.5 0.5 0. 10092.2412 182.027573 48569.5117 263.03598 323.394714 56.4515533 3.303630045E-3 0. 1.
 1 249 0 T F 5.36175013 15.7582273 20.4348717 0.5 0.5 0. 10149.4629 182.024338 48569.5117 263.03598 323.394714 57.2253876 3.303630045E-3 0. 1.
 1 250 0 T F 5.36275005 15.7592278 20.5508976 0.5 0.5 0. 10207.4727 182.021042 48569.5117 263.03598 323.394714 58.0129395 3.303630045E-3 0. 1.
 1 251 0 T F 5.36374998 15.7602282 20.6685257 0.5 0.5 0. 10266.2842 182.0177 48569.5117 263.03598 323.394714 58.8144684 3.303630045E-3 0. 1.
 1 252 0 T F 5.36474991 15.7612286 20.7877865 0.5 0.5 0. 10325.9111 182.014313 48569.5117 263.03598 323.394714 59.6302338 3.303630045E-3 0. 1.
 1 253 0 T F 5.36574984 15.762229 20.9087067 0.5 0.5 0. 10386.3682 182.010849 48569.5117 263.03598 323.394714 60.4605064 3.303630045E-3 0. 1.
 1 254 0 T F 5.36674976 15.7632294 21.0313187 0.5 0.5 0. 10447.6699 182.007339 48569.5117 263.03598 323.394714 61.3055649 3.303630045E-3 0. 1.
 1 255 0 T F 5.36774969 15.7642298 21.1556492 0.5 0.5 0. 10509.8311 182.003799 48569.5117 263.03598 323.394714 62.1648598 3.303630045E-3 0. 1.
 1 256 0 T F 5.36874962 15.7652302 21.2817211 0.5 0.5 0. 10572.8633 182.000183 48569.5117 263.03598 323.394714 63.0361862 3.303630045E-3 0. 1.
 1 257 0 T F 5.36974955 15.7662306 21.4095612 0.5 0.5 0. 10636.7793 181.996506 48569.5117 263.03598 323.394714 63.9197655 3.303630045E-3 0. 1.
 1 258 0 T F 5.37074947 15.767231 21.5391922 0.5 0.5 0. 10701.5918 181.992783 48569.5117 263.03598 323.394714 64.8158188 3.303630045E-3 0. 1.
 1 259 0 T F 5.3717494 15.7682314 21.6706409 0.5 0.5 0. 10767.3125 181.989029 48569.5117 263.03598 323.394714 65.7245789 3.303630045E-3 0. 1.
 1 260 0 T F 5.37274933 15.7692318 21.8039341 0.5 0.5 0. 10833.9551 181.985199 48569.5117 263.03598 323.394714 66.6462784 3.303630045E-3 0. 1.
 1 261 0 T F 5.37374926 15.7702322 21.9390965 0.5 0.5 0. 10901.5322 181.981308 48569.5117 263.03598 323.394714 67.5811615 3.303630045E-3 0. 1.
 1 262 0 T F 5.37474918 15.7712326 22.0761547 0.5 0.5 0. 10970.0576 181.977371 48569.5117 263.03598 323.394714 68.5294724 3.303630045E-3 0. 1.
 1 263 0 T F 5.37574911 15.772233 22.2151394 0.5 0.5 0. 11039.5469 181.973389 48569.5117 263.03598 323.394714 69.4927673 3.303630045E-3 0. 1.
 1 264 0 T F 5.37674904 15.7732334 22.3560848 0.5 0.5 0. 11110.0156 181.969345 48569.5117 263.03598 323.394714 70.4724045 3.303630045E-3 0. 1.
 1 265 0 T F 5.37774897 15.7742338 22.4990215 0.5 0.5 0. 11181.4805 181.965256 48569.5117 263.03598 323.394714 71.4687119 3.303630045E-3 0. 1.
 1 266 0 T F 5.37874889 15.7752342 22.6439857 0.5 0.5 0. 11253.958 181.961105 48569.5117 263.03598 323.394714 72.4820175 3.303630045E-3 0. 1.
 1 267 0 T F 5.37974882 15.7762346 22.7910118 0.5 0.5 0. 11327.4668 181.956909 48569.5117 263.03598 323.394714 73.5126648 3.303630045E-3 0. 1.
 1 268 0 T F 5.38074875 15.777235 22.940134 0.5 0.5 0. 11402.0234 181.952652 48569.5117 263.03598 323.394714 74.5610046 3.303630045E-3 0. 1.
 1 269 0 T F 5.38174868 15.7782354 23.0913887 0.5 0.5 0. 11477.6465 181.948318 48569.5117 263.03598 323.394714 75.6273956 3.303630045E-3 0. 1.
 1 270 0 T F 5.3827486 15.7792358 23.2448006 0.5 0.5 0. 11554.3477 181.943954 48569.5117 263.03598 323.394714 76.7054749 3.303630045E-3 0. 1.
 1 271 0 T F 5.38374853 15.7802362 23.400383 0.5 0.5 0. 11632.1338 181.939545 48569.5117 263.03598 323.394714 77.7909775 3.303630045E-3 0. 1.
 1 272 0 T F 5.38474846 15.7812366 23.5581512 0.5 0.5 0. 11711.0137 181.935059 48569.5117 263.03598 323.394714 78.8840332 3.303630045E-3 0. 1.
 1 273 0 T F 5.38574839 15.7822371 23.7181206 0.5 0.5 0. 11790.9941 181.930527 48569.5117 263.03598 323.394714 79.9847565 3.303630045E-3 0. 1.
 1 274 0 T F 5.38674831 15.7832375 23.8803062 0.5 0.5 0. 11872.083 181.925964 48569.5117 263.03598 323.394714 81.093277 3.303630045E-3 0. 1.
 1 275 0 T F 5.38774824 15.7842379 24.0447254 0.5 0.5 0. 11954.2881 181.921326 48569.5117 263.03598 323.394714 82.2097244 3.303630045E-3 0. 1.
 1 276 0 T F 5.38874817 15.7852383 24.2113972 0.5 0.5 0. 12037.6191 181.916641 48569.5117 263.03598 323.394714 83.3356323 3.303630045E-3 0. 1.
 1 277 0 T F 5.3897481 15.7862387 24.3803463 0.5 0.5 0. 12122.0898 181.911896 48569.5117 263.03598 323.394714 84.4749908 3.303630045E-3 0. 1.
 1 278 0 T F 5.39074802 15.7872391 24.5516033 0.5 0.5 0. 12207.7129 181.907089 48569.5117 263.03598 323.394714 85.6280518 3.303630045E-3 0. 1.
 1 279 0 T F 5.39174795 15.7882395 24.725193 0.5 0.5 0. 12294.5029 181.902252 48569.5117 263.03598 323.394714 86.7950592 3.303630045E-3 0. 1.
 1 280 0 T F 5.39274788 15.7892399 24.9011459 0.5 0.5 0. 12382.4746 181.897354 48569.5117 263.03598 323.394714 87.9762726 3.303630045E-3 0. 1.
 1 281 0 T F 5.39374781 15.7902403 25.0794907 0.5 0.5 0. 12471.6416 181.892395 48569.5117 263.03598 323.394714 89.1719589 3.303630045E-3 0. 1.
 1 282 0 T F 5.39474773 15.7912407 25.2602558 0.5 0.5 0. 12562.0186 181.887375 48569.5117 263.03598 323.394714 90.3824387 3.303630045E-3 0. 1.
 1 283 0 T F 5.39574766 15.7922411 25.4434719 0.5 0.5 0. 12653.6211 181.882309 48569.5117 263.03598 323.394714 91.6080704 3.303630045E-3 0. 1.
 1 284 0 T F 5.39674759 15.7932415 25.6291695 0.5 0.5 0. 12746.4648 181.877197 48569.5117 263.03598 323.394714 92.8491287 3.303630045E-3 0. 1.
 1 285 0 T F 5.39774752 15.7942419 25.8173809 0.5 0.5 0. 12840.5654 181.872009 48569.5117 263.03598 323.394714 94.1059036 3.303630045E-3 0. 1.
 1 286 0 T F 5.39874744 15.7952423 26.0081387 0.5 0.5 0. 12935.9385 181.866791 48569.5117 263.03598 323.394714 95.3786926 3.303630045E-3 0. 1.
 1 287 0 T F 5.39974737 15.7962427 26.2014751 0.5 0.5 0. 13032.6006 181.861496 48569.5117 263.03598 323.394714 96.6678162 3.303630045E-3 0. 1.
 1 288 0 T F 5.4007473 15.7972431 26.3974228 0.5 0.5 0. 13130.5693 181.856186 48569.5117 263.03598 323.394714 97.9740753 3.303630045E-3 0. 1.
 1 289 0 T F 5.40174723 15.7982435 26.5960178 0.5 0.5 0. 13229.8613 181.8508 48569.5117 263.03598 323.394714 99.2977905 3.303630045E-3 0. 1.
 1 290 0 T F 5.40274715 15.7992439 26.7972965 0.5 0.5 0. 13330.4951 181.845352 48569.5117 263.03598 323.394714 100.639297 3.303630045E-3 0. 1.
 1 291 0 T F 5.40374708 15.8002443 27.0012951 0.5 0.5 0. 13432.4883 181.839844 48569.5117 263.03598 323.394714 101.998947 3.303630045E-3 0. 1.
 1 292 0 T F 5.40474701 15.8012447 27.2080498 0.5 0.5 0. 13535.8594 181.834305 48569.5117 263.03598 323.394714 103.377007 3.303630045E-3 0. 1.
 1 293 0 T F 5.40574694 15.8022451 27.417572 0.5 0.5 0. 13640.6143 181.82869 48569.5117 263.03598 323.394714 104.760719 3.303630045E-3 0. 1.
 1 294 0 T F 5.40674686 15.8032455 27.6298733 0.5 0.5 0. 13746.7588 181.823044 48569.5117 263.03598 323.394714 106.150169 3.303630045E-3 0. 1.
 1 295 0 T F 5.40774679 15.8042459 27.844965 0.5 0.5 0. 13854.2988 181.817322 48569.5117 263.03598 323.394714 107.545441 3.303630045E-3 0. 1.
 1 296 0 T F 5.40874672 15.8052464 28.0628586 0.5 0.5 0. 13963.2393 181.811554 48569.5117 263.03598 323.394714 108.946617 3.303630045E-3 0. 1.
 1 297 0 T F 5.40974665 15.8062468 28.283577 0.5 0.5 0. 14073.5928 181.805756 48569.5117 263.03598 323.394714 110.358856 3.303630045E-3 0. 1.
 1 298 0 T F 5.41074657 15.8072472 28.5071678 0.5 0.5 0. 14185.3818 181.799866 48569.5117 263.03598 323.394714 111.795052 3.303630045E-3 0. 1.
 1 299 0 T F 5.4117465 15.8082476 28.7336788 0.5 0.5 0. 14298.6318 181.79393 48569.5117 263.03598 323.394714 113.255707 3.303630045E-3 0. 1.
 1 300 0 T F 5.41274643 15.809248 28.9631615 0.5 0.5 0. 14413.3672 181.787964 48569.5117 263.03598 323.394714 114.741341 3.303630045E-3 0. 1.
 1 301 0 T F 5.41374636 15.8102484 29.1956673 0.5 0.5 0. 14529.6133 181.781937 48569.5117 263.03598 323.394714 116.252472 3.303630045E-3 0. 1.
 1 302 0 T F 5.41474628 15.8112488 29.4312286 0.5 0.5 0. 14647.3877 181.775848 48569.5117 263.03598 323.394714 117.78064 3.303630045E-3 0. 1.
 1 303 0 T F 5.41574621 15.8122492 29.669878 0.5 0.5 0. 14766.7061 181.769684 48569.5117 263.03598 323.394714 119.324425 3.303630045E-3 0. 1.
 1 304 0 T F 5.41674614 15.8132496 29.9116459 0.5 0.5 0. 14887.584 181.763504 48569.5117 263.03598 323.394714 120.884117 3.303630045E-3 0. 1.
