 20 30 20 1 1
 1 0 0 T F 5.11276817 15.5091267 11.5201359 0.5 0.5 0. 5510.06787 0. 49778.418 245.729767 300. 5. 0. 0. 0.
 1 1 0 T F 5.1137681 15.5101271 11.5297499 0.5 0.5 0. 5514.87451 0. 49745.1523 245.6828 300. 4.80679178 0. 0. 0.
 1 2 0 T F 5.11476803 15.5111275 11.5389767 0.5 0.5 0. 5519.48779 0. 49713.2383 245.637695 300. 4.61325884 0. 0. 0.
 1 3 0 T F 5.11576796 15.5121279 11.5478153 0.5 0.5 0. 5523.90723 0. 49682.6836 245.594498 300. 4.41941309 0. 0. 0.
 1 4 0 T F 5.11676788 15.5131283 11.5562658 0.5 0.5 0. 5528.13232 0. 49653.4805 245.553192 300. 4.22526789 0. 0. 0.
 1 5 0 T F 5.11776781 15.5141287 11.5643272 0.5 0.5 0. 5532.16309 0. 49625.6328 245.513779 300. 4.03083658 0. 0. 0.
 1 6 0 T F 5.11876774 15.5151291 11.5719995 0.5 0.5 0. 5535.99902 0. 49599.1406 245.476288 300. 3.83613229 0. 0. 0.
 1 7 0 T F 5.11976767 15.5161295 11.5792818 0.5 0.5 0. 5539.64014 0. 49574.0039 245.440704 300. 3.64116788 0. 0. 0.
 1 8 0 T F 5.12076759 15.5171299 11.586174 0.5 0.5 0. 5543.08594 0. 49550.2266 245.407013 300. 3.44595695 0. 0. 0.
 1 9 0 T F 5.12176752 15.5181303 11.5926752 0.5 0.5 0. 5546.33643 0. 49527.8047 245.375244 300. 3.25051212 0. 0. 0.
 1 10 0 T F 5.12276745 15.5191307 11.5987844 0.5 0.5 0. 5549.39111 0. 49506.7383 245.345383 300. 3.054847 0. 0. 0.
 1 11 0 T F 5.12376738 15.5201311 11.6045027 0.5 0.5 0. 5552.25 0. 49487.0313 245.317444 300. 2.8589747 0. 0. 0.
 1 12 0 T F 5.1247673 15.5211315 11.6098289 0.5 0.5 0. 5554.91309 0. 49468.6797 245.291412 300. 2.66290855 0. 0. 0.
 1 13 0 T F 5.12576723 15.5221319 11.6147623 0.5 0.5 0. 5557.37988 0. 49451.6836 245.267303 300. 2.46666193 0. 0. 0.
 1 14 0 T F 5.12676716 15.5231323 11.6193027 0.5 0.5 0. 5559.6499 0. 49436.0469 245.245117 300. 2.27024817 0. 0. 0.
 1 15 0 T F 5.12776709 15.5241327 11.6234503 0.5 0.5 0. 5561.72363 0. 49421.7656 245.224854 300. 2.0736804 0. 0. 0.
 1 16 0 T F 5.12876701 15.5251331 11.6272039 0.5 0.5 0. 5563.60059 0. 49408.8438 245.206512 300. 1.87697196 0. 0. 0.
 1 17 0 T F 5.12976694 15.5261335 11.6305647 0.5 0.5 0. 5565.28076 0. 49397.2773 245.190094 300. 1.68013644 0. 0. 0.
 1 18 0 T F 5.13076687 15.5271339 11.6335306 0.5 0.5 0. 5566.76416 0. 49387.0703 245.175598 300. 1.48318672 0. 0. 0.
 1 19 0 T F 5.1317668 15.5281343 11.6361027 0.5 0.5 0. 5568.05029 0. 49378.2188 245.163025 300. 1.28613651 0. 0. 0.
 1 20 0 T F 5.13276672 15.5291348 11.6382809 0.5 0.5 0. 5569.13916 0. 49370.7266 245.15239 300. 1.08899868 0. 0. 0.
 1 21 0 T F 5.13376665 15.5301352 11.6400642 0.5 0.5 0. 5570.03076 0. 49364.5898 245.143677 300. 0.89178741 0. 0. 0.
 1 22 0 T F 5.13476658 15.5311356 11.6414537 0.5 0.5 0. 5570.7251 0. 49359.8125 245.136887 300. 0.694515705 0. 0. 0.
 1 23 0 T F 5.13576651 15.532136 11.6424484 0.5 0.5 0. 5571.22217 0. 49356.3906 245.132019 300. 0.497196555 0. 0. 0.
 1 24 0 T F 5.13676643 15.5331364 11.6430483 0.5 0.5 0. 5571.52197 0. 49354.3281 245.129089 300. 0.299843609 0. 0. 0.
 1 25 0 T F 5.13776636 15.5341368 11.6432533 0.5 0.5 0. 5571.62451 0. 49353.6211 245.128082 300. 0.102470681 0. 0. 0.
 1 26 0 T F 5.13876629 15.5351372 11.6430635 0.5 0.5 0. 5571.52979 0. 49354.2734 245.129013 300. -9.490977228E-2 0. 0. 0.
 1 27 0 T F 5.13976622 15.5361376 11.6424789 0.5 0.5 0. 5571.2373 0. 49356.2852 245.131866 300. -0.292283326 0. 0. 0.
 1 28 0 T F 5.14076614 15.537138 11.6414995 0.5 0.5 0. 5570.74756 0. 49359.6523 245.136642 300. -0.489637256 0. 0. 0.
 1 29 0 T F 5.14176607 15.5381384 11.6401253 0.5 0.5 0. 5570.06055 0. 49364.3789 245.143372 300. -0.686958253 0. 0. 0.
 1 30 0 T F 5.142766 15.5391388 11.6383572 0.5 0.5 0. 5569.17627 0. 49370.4648 245.152008 300. -0.884232163 0. 0. 0.
 1 31 0 T F 5.14376593 15.5401392 11.6361942 0.5 0.5 0. 5568.09473 0. 49377.9023 245.162582 300. -1.08144629 0. 0. 0.
 1 32 0 T F 5.14476585 15.5411396 11.6336374 0.5 0.5 0. 5566.81592 0. 49386.7031 245.175079 300. -1.27858698 0. 0. 0.
 1 33 0 T F 5.14576578 15.54214 11.6306858 0.5 0.5 0. 5565.34033 0. 49396.8594 245.189484 300. -1.47564077 0. 0. 0.
 1 34 0 T F 5.14676571 15.5431404 11.6273403 0.5 0.5 0. 5563.66797 0. 49408.3711 245.205826 300. -1.6725949 0. 0. 0.
 1 35 0 T F 5.14776564 15.5441408 11.6236019 0.5 0.5 0. 5561.79834 0. 49421.2422 245.224106 300. -1.86943555 0. 0. 0.
 1 36 0 T F 5.14876556 15.5451412 11.6194696 0.5 0.5 0. 5559.73242 0. 49435.4688 245.244308 300. -2.066149 0. 0. 0.
 1 37 0 T F 5.14976549 15.5461416 11.6149445 0.5 0.5 0. 5557.46973 0. 49451.0508 245.266418 300. -2.26272249 0. 0. 0.
 1 38 0 T F 5.15076542 15.547142 11.6100264 0.5 0.5 0. 5555.01074 0. 49467.9883 245.290451 300. -2.45914268 0. 0. 0.
 1 39 0 T F 5.15176535 15.5481424 11.6047153 0.5 0.5 0. 5552.35547 0. 49486.2813 245.316376 300. -2.65539598 0. 0. 0.
 1 40 0 T F 5.15276527 15.5491428 11.5990124 0.5 0.5 0. 5549.50391 0. 49505.9297 245.344238 300. -2.85146952 0. 0. 0.
 1 41 0 T F 5.1537652 15.5501432 11.5929174 0.5 0.5 0. 5546.45654 0. 49526.9375 245.374023 300. -3.04734993 0. 0. 0.
 1 42 0 T F 5.15476513 15.5511436 11.5864315 0.5 0.5 0. 5543.21338 0. 49549.3008 245.405716 300. -3.24302387 0. 0. 0.
 1 43 0 T F 5.15576506 15.5521441 11.5795546 0.5 0.5 0. 5539.7749 0. 49573.0156 245.439285 300. -3.43847799 0. 0. 0.
 1 44 0 T F 5.15676498 15.5531445 11.5722876 0.5 0.5 0. 5536.14111 0. 49598.0898 245.474808 300. -3.63369942 0. 0. 0.
 1 45 0 T F 5.15776491 15.5541449 11.5646305 0.5 0.5 0. 5532.3125 0. 49624.5195 245.512207 300. -3.82867479 0. 0. 0.
 1 46 0 T F 5.15876484 15.5551453 11.5565834 0.5 0.5 0. 5528.28906 0. 49652.3008 245.551514 300. -4.02339172 0. 0. 0.
 1 47 0 T F 5.15976477 15.5561457 11.5481482 0.5 0.5 0. 5524.07129 0. 49681.4414 245.592743 300. -4.21783638 0. 0. 0.
 1 48 0 T F 5.16076469 15.5571461 11.5393238 0.5 0.5 0. 5519.65918 0. 49711.9297 245.635849 300. -4.41199493 0. 0. 0.
 1 49 0 T F 5.16176462 15.5581465 11.5301123 0.5 0.5 0. 5515.05322 0. 49743.7773 245.680847 300. -4.60585499 0. 0. 0.
 1 50 0 T F 5.16276455 15.5591469 11.5205135 0.5 0.5 0. 5510.25391 0. 49776.9727 245.727737 300. -4.79940367 0. 0. 0.
 1 51 0 T F 5.16376448 15.5601473 11.5105286 0.5 0.5 0. 5505.26123 0. 49811.5273 245.776535 300. -4.9926281 0. 0. 0.
 1 52 0 T F 5.1647644 15.5611477 11.5001574 0.5 0.5 0. 5500.07568 0. 49847.4336 245.827194 300. -5.18551445 0. 0. 0.
 1 53 0 T F 5.16576433 15.5621481 11.4894009 0.5 0.5 0. 5494.69775 0. 49884.6914 245.87973 300. -5.3780508 0. 0. 0.
 1 54 0 T F 5.16676426 15.5631485 11.47826 0.5 0.5 0. 5489.12744 0. 49923.2969 245.934158 300. -5.57022381 0. 0. 0.
 1 55 0 T F 5.16776419 15.5641489 11.4667358 0.5 0.5 0. 5483.36523 0. 49963.2539 245.990448 300. -5.76202059 0. 0. 0.
 1 56 0 T F 5.16876411 15.5651493 11.4548292 0.5 0.5 0. 5477.41162 0. 50004.5664 246.048615 300. -5.95342827 0. 0. 0.
 1 57 0 T F 5.16976404 15.5661497 11.4425402 0.5 0.5 0. 5471.26709 0. 50047.2305 246.108643 300. -6.14443445 0. 0. 0.
 1 58 0 T F 5.17076397 15.5671501 11.4298697 0.5 0.5 0. 5464.93213 0. 50091.2422 246.170532 300. -6.33502626 0. 0. 0.
 1 59 0 T F 5.1717639 15.5681505 11.4168196 0.5 0.5 0. 5458.40674 0. 50136.6016 246.234283 300. -6.52519131 0. 0. 0.
 1 60 0 T F 5.17276382 15.5691509 11.4033899 0.5 0.5 0. 5451.69189 0. 50183.3086 246.299881 300. -6.71491575 0. 0. 0.
 1 61 0 T F 5.17376375 15.5701513 11.3895817 0.5 0.5 0. 5444.7876 0. 50231.3633 246.367325 300. -6.90418768 0. 0. 0.
 1 62 0 T F 5.17476368 15.5711517 11.3753958 0.5 0.5 0. 5437.69482 0. 50280.7695 246.436615 300. -7.09299469 0. 0. 0.
 1 63 0 T F 5.17576361 15.5721521 11.3608332 0.5 0.5 0. 5430.41357 0. 50331.5273 246.507751 300. -7.28132439 0. 0. 0.
 1 64 0 T F 5.17676353 15.5731525 11.3458948 0.5 0.5 0. 5422.94434 0. 50383.625 246.580719 300. -7.46916389 0. 0. 0.
 1 65 0 T F 5.17776346 15.5741529 11.3305817 0.5 0.5 0. 5415.2876 0. 50437.0742 246.655518 300. -7.65650034 0. 0. 0.
 1 66 0 T F 5.17876339 15.5751534 11.3148947 0.5 0.5 0. 5407.44434 0. 50491.8672 246.732132 300. -7.84332228 0. 0. 0.
 1 67 0 T F 5.17976332 15.5761538 11.2988358 0.5 0.5 0. 5399.41455 0. 50548.0078 246.810577 300. -8.02961731 0. 0. 0.
 1 68 0 T F 5.18076324 15.5771542 11.2824049 0.5 0.5 0. 5391.19922 0. 50605.4883 246.890839 300. -8.21537209 0. 0. 0.
 1 69 0 T F 5.18176317 15.5781546 11.265604 0.5 0.5 0. 5382.79883 0. 50664.3125 246.972885 300. -8.40057564 0. 0. 0.
 1 70 0 T F 5.1827631 15.579155 11.2484331 0.5 0.5 0. 5374.21338 0. 50724.4805 247.056747 300. -8.58521461 0. 0. 0.
 1 71 0 T F 5.18376303 15.5801554 11.2308941 0.5 0.5 0. 5365.44434 0. 50785.9883 247.142426 300. -8.76927757 0. 0. 0.
 1 72 0 T F 5.18476295 15.5811558 11.2129889 0.5 0.5 0. 5356.4917 0. 50848.8438 247.229874 300. -8.95275211 0. 0. 0.
 1 73 0 T F 5.18576288 15.5821562 11.1947174 0.5 0.5 0. 5347.35596 0. 50913.0352 247.319122 300. -9.13562679 0. 0. 0.
 1 74 0 T F 5.18676281 15.5831566 11.1760817 0.5 0.5 0. 5338.03809 0. 50978.5664 247.410141 300. -9.31788921 0. 0. 0.
 1 75 0 T F 5.18776274 15.584157 11.1570826 0.5 0.5 0. 5328.53857 0. 51045.4375 247.50293 300. -9.49952698 0. 0. 0.
 1 76 0 T F 5.18876266 15.5851574 11.1377211 0.5 0.5 0. 5318.85791 0. 51113.6445 247.597488 300. -9.68052864 0. 0. 0.
 1 77 0 T F 5.18976259 15.5861578 11.1179991 0.5 0.5 0. 5308.99707 0. 51183.1914 247.693817 300. -9.86088276 0. 0. 0.
 1 78 0 T F 5.19076252 15.5871582 11.0979176 0.5 0.5 0. 5298.95654 0. 51254.0742 247.791885 300. -10.0405769 0. 0. 0.
 1 79 0 T F 5.19176245 15.5881586 11.0774784 0.5 0.5 0. 5288.73682 0. 51326.293 247.891724 300. -10.2196007 0. 0. 0.
 1 80 0 T F 5.19276237 15.589159 11.0566826 0.5 0.5 0. 5278.33887 0. 51399.8438 247.993286 300. -10.3979416 0. 0. 0.
 1 81 0 T F 5.1937623 15.5901594 11.035531 0.5 0.5 0. 5267.76318 0. 51474.7266 248.096573 300. -10.5755882 0. 0. 0.
 1 82 0 T F 5.19476223 15.5911598 11.0140257 0.5 0.5 0. 5257.01074 0. 51550.9453 248.201614 300. -10.7525291 0. 0. 0.
 1 83 0 T F 5.19576216 15.5921602 10.9921684 0.5 0.5 0. 5246.08203 0. 51628.4922 248.30835 300. -10.9287519 0. 0. 0.
 1 84 0 T F 5.19676208 15.5931606 10.9699602 0.5 0.5 0. 5234.97803 0. 51707.3711 248.416809 300. -11.1042471 0. 0. 0.
 1 85 0 T F 5.19776201 15.594161 10.947402 0.5 0.5 0. 5223.69922 0. 51787.5781 248.526978 300. -11.2790022 0. 0. 0.
 1 86 0 T F 5.19876194 15.5951614 10.9244957 0.5 0.5 0. 5212.24609 0. 51869.1133 248.63884 300. -11.4530058 0. 0. 0.
 1 87 0 T F 5.19976187 15.5961618 10.9012432 0.5 0.5 0. 5200.61963 0. 51951.9766 248.752396 300. -11.6262484 0. 0. 0.
 1 88 0 T F 5.2007618 15.5971622 10.8776455 0.5 0.5 0. 5188.8208 0. 52036.1602 248.86763 300. -11.7987175 0. 0. 0.
 1 89 0 T F 5.20176172 15.5981627 10.8537045 0.5 0.5 0. 5176.85059 0. 52121.6719 248.984558 300. -11.9704027 0. 0. 0.
 1 90 0 T F 5.20276165 15.5991631 10.829422 0.5 0.5 0. 5164.70947 0. 52208.5039 249.103149 300. -12.1412926 0. 0. 0.
 1 91 0 T F 5.20376158 15.6001635 10.8047991 0.5 0.5 0. 5152.39795 0. 52296.6563 249.223389 300. -12.3113766 0. 0. 0.
 1 92 0 T F 5.20476151 15.6011639 10.7798376 0.5 0.5 0. 5139.91748 0. 52386.1289 249.345291 300. -12.4806433 0. 0. 0.
 1 93 0 T F 5.20576143 15.6021643 10.7545395 0.5 0.5 0. 5127.26855 0. 52476.918 249.468826 300. -12.6490822 0. 0. 0.
 1 94 0 T F 5.20676136 15.6031647 10.7289057 0.5 0.5 0. 5114.45166 0. 52569.0273 249.593994 300. -12.8166828 0. 0. 0.
 1 95 0 T F 5.20776129 15.6041651 10.702939 0.5 0.5 0. 5101.46826 0. 52662.4531 249.72081 300. -12.9834356 0. 0. 0.
 1 96 0 T F 5.20876122 15.6051655 10.6766405 0.5 0.5 0. 5088.31885 0. 52757.1875 249.849243 300. -13.1493292 0. 0. 0.
 1 97 0 T F 5.20976114 15.6061659 10.650012 0.5 0.5 0. 5075.00439 0. 52853.2344 249.979263 300. -13.314353 0. 0. 0.
 1 98 0 T F 5.21076107 15.6071663 10.6230555 0.5 0.5 0. 5061.52588 0. 52950.5898 250.110901 300. -13.4784975 0. 0. 0.
 1 99 0 T F 5.211761 15.6081667 10.5957718 0.5 0.5 0. 5047.88428 0. 53049.2578 250.244125 300. -13.6417522 0. 0. 0.
 1 100 0 T F 5.21276093 15.6091671 10.5681639 0.5 0.5 0. 5034.08008 0. 53149.2344 250.378937 300. -13.8041067 0. 0. 0.
 1 101 0 T F 5.21376085 15.6101675 10.5402327 0.5 0.5 0. 5020.11475 0. 53250.5117 250.51532 300. -13.9655514 0. 0. 0.
 1 102 0 T F 5.21476078 15.6111679 10.5119801 0.5 0.5 0. 5005.98877 0. 53353.0938 250.65329 300. -14.1260757 0. 0. 0.
 1 103 0 T F 5.21576071 15.6121683 10.4834089 0.5 0.5 0. 4991.70313 0. 53456.9805 250.792801 300. -14.2856703 0. 0. 0.
 1 104 0 T F 5.21676064 15.6131687 10.4545202 0.5 0.5 0. 4977.25879 0. 53562.168 250.933868 300. -14.4443245 0. 0. 0.
 1 105 0 T F 5.21776056 15.6141691 10.4253159 0.5 0.5 0. 4962.65674 0. 53668.6523 251.076477 300. -14.6020288 0. 0. 0.
 1 106 0 T F 5.21876049 15.6151695 10.3957987 0.5 0.5 0. 4947.89795 0. 53776.4297 251.220596 300. -14.7587738 0. 0. 0.
 1 107 0 T F 5.21976042 15.6161699 10.3659697 0.5 0.5 0. 4932.9834 0. 53885.5 251.366241 300. -14.9145508 0. 0. 0.
 1 108 0 T F 5.22076035 15.6171703 10.3358307 0.5 0.5 0. 4917.91406 0. 53995.8633 251.513397 300. -15.0693493 0. 0. 0.
 1 109 0 T F 5.22176027 15.6181707 10.3053846 0.5 0.5 0. 4902.69092 0. 54107.5156 251.662094 300. -15.2231598 0. 0. 0.
 1 110 0 T F 5.2227602 15.6191711 10.2746325 0.5 0.5 0. 4887.31494 0. 54220.457 251.812225 300. -15.3759727 0. 0. 0.
 1 111 0 T F 5.22376013 15.6201715 10.243577 0.5 0.5 0. 4871.78711 0. 54334.6797 251.963852 300. -15.5277805 0. 0. 0.
 1 112 0 T F 5.22476006 15.621172 10.2122202 0.5 0.5 0. 4856.1084 0. 54450.1875 252.116974 300. -15.6785727 0. 0. 0.
 1 113 0 T F 5.22575998 15.6221724 10.1805639 0.5 0.5 0. 4840.28027 0. 54566.9727 252.271545 300. -15.8283405 0. 0. 0.
 1 114 0 T F 5.22675991 15.6231728 10.1486101 0.5 0.5 0. 4824.30322 0. 54685.0352 252.427551 300. -15.9770746 0. 0. 0.
 1 115 0 T F 5.22775984 15.6241732 10.1163607 0.5 0.5 0. 4808.17822 0. 54804.3789 252.585022 300. -16.1247673 0. 0. 0.
 1 116 0 T F 5.22875977 15.6251736 10.0838175 0.5 0.5 0. 4791.90674 0. 54924.9961 252.743912 300. -16.2714081 0. 0. 0.
 1 117 0 T F 5.22975969 15.626174 10.0509834 0.5 0.5 0. 4775.48975 0. 55046.8789 252.904221 300. -16.4169903 0. 0. 0.
 1 118 0 T F 5.23075962 15.6271744 10.0178604 0.5 0.5 0. 4758.92822 0. 55170.0313 253.065933 300. -16.5615044 0. 0. 0.
 1 119 0 T F 5.23175955 15.6281748 9.98445034 0.5 0.5 0. 4742.22314 0. 55294.4492 253.229065 300. -16.7049408 0. 0. 0.
 1 120 0 T F 5.23275948 15.6291752 9.95075607 0.5 0.5 0. 4725.37598 0. 55420.125 253.393585 300. -16.8472919 0. 0. 0.
 1 121 0 T F 5.2337594 15.6301756 9.91677856 0.5 0.5 0. 4708.38721 0. 55547.0625 253.559464 300. -16.9885502 0. 0. 0.
 1 122 0 T F 5.23475933 15.631176 9.88252068 0.5 0.5 0. 4691.2583 0. 55675.2578 253.726715 300. -17.128706 0. 0. 0.
 1 123 0 T F 5.23575926 15.6321764 9.84798527 0.5 0.5 0. 4673.99072 0. 55804.707 253.895325 300. -17.2677536 0. 0. 0.
 1 124 0 T F 5.23675919 15.6331768 9.81317425 0.5 0.5 0. 4656.58496 0. 55935.4063 254.065292 300. -17.4056835 0. 0. 0.
 1 125 0 T F 5.23775911 15.6341772 9.77808952 0.5 0.5 0. 4639.04248 0. 56067.3516 254.236572 300. -17.5424862 0. 0. 0.
 1 126 0 T F 5.23875904 15.6351776 9.742733 0.5 0.5 0. 4621.36426 0. 56200.5391 254.40921 300. -17.6781559 0. 0. 0.
 1 127 0 T F 5.23975897 15.636178 9.70710754 0.5 0.5 0. 4603.55176 0. 56334.9688 254.583115 300. -17.812685 0. 0. 0.
 1 128 0 T F 5.2407589 15.6371784 9.67121506 0.5 0.5 0. 4585.60547 0. 56470.6367 254.758362 300. -17.946064 0. 0. 0.
 1 129 0 T F 5.24175882 15.6381788 9.6350584 0.5 0.5 0. 4567.52734 0. 56607.543 254.934875 300. -18.0782871 0. 0. 0.
 1 130 0 T F 5.24275875 15.6391792 9.59863949 0.5 0.5 0. 4549.31787 0. 56745.6758 255.112671 300. -18.2093468 0. 0. 0.
 1 131 0 T F 5.24375868 15.6401796 9.56196117 0.5 0.5 0. 4530.97852 0. 56885.0391 255.291763 300. -18.3392334 0. 0. 0.
 1 132 0 T F 5.24475861 15.64118 9.52502537 0.5 0.5 0. 4512.51074 0. 57025.6289 255.472076 300. -18.4679413 0. 0. 0.
 1 133 0 T F 5.24575853 15.6421804 9.48783398 0.5 0.5 0. 4493.91504 0. 57167.4336 255.653641 300. -18.5954647 0. 0. 0.
 1 134 0 T F 5.24675846 15.6431808 9.45039082 0.5 0.5 0. 4475.19336 0. 57310.457 255.836426 300. -18.721796 0. 0. 0.
 1 135 0 T F 5.24775839 15.6441813 9.41269684 0.5 0.5 0. 4456.34619 0. 57454.6914 256.020477 300. -18.8469257 0. 0. 0.
 1 136 0 T F 5.24875832 15.6451817 9.37475491 0.5 0.5 0. 4437.37549 0. 57600.1406 256.205688 300. -18.9708481 0. 0. 0.
 1 137 0 T F 5.24975824 15.6461821 9.33656788 0.5 0.5 0. 4418.28174 0. 57746.793 256.39212 300. -19.0935574 0. 0. 0.
 1 138 0 T F 5.25075817 15.6471825 9.29813766 0.5 0.5 0. 4399.06689 0. 57894.6484 256.579742 300. -19.2150459 0. 0. 0.
 1 139 0 T F 5.2517581 15.6481829 9.25946712 0.5 0.5 0. 4379.73145 0. 58043.6953 256.768524 300. -19.33531 0. 0. 0.
 1 140 0 T F 5.25275803 15.6491833 9.22055817 0.5 0.5 0. 4360.27734 0. 58193.9336 256.958466 300. -19.45434 0. 0. 0.
 1 141 0 T F 5.25375795 15.6501837 9.18141365 0.5 0.5 0. 4340.70508 0. 58345.3672 257.149567 300. -19.5721302 0. 0. 0.
 1 142 0 T F 5.25475788 15.6511841 9.14203644 0.5 0.5 0. 4321.0166 0. 58497.9805 257.341797 300. -19.6886749 0. 0. 0.
 1 143 0 T F 5.25575781 15.6521845 9.10242844 0.5 0.5 0. 4301.2124 0. 58651.7734 257.535126 300. -19.8039665 0. 0. 0.
 1 144 0 T F 5.25675774 15.6531849 9.06259251 0.5 0.5 0. 4281.29443 0. 58806.7461 257.729614 300. -19.9180012 0. 0. 0.
 1 145 0 T F 5.25775766 15.6541853 9.02253056 0.5 0.5 0. 4261.26367 0. 58962.8867 257.925201 300. -20.0307713 0. 0. 0.
 1 146 0 T F 5.25875759 15.6551857 8.9822464 0.5 0.5 0. 4241.12158 0. 59120.1953 258.121857 300. -20.142271 0. 0. 0.
 1 147 0 T F 5.25975752 15.6561861 8.94174099 0.5 0.5 0. 4220.86914 0. 59278.668 258.31955 300. -20.2524948 0. 0. 0.
 1 148 0 T F 5.26075745 15.6571865 8.90101814 0.5 0.5 0. 4200.50781 0. 59438.293 258.518341 300. -20.3614368 0. 0. 0.
 1 149 0 T F 5.26175737 15.6581869 8.86007977 0.5 0.5 0. 4180.03857 0. 59599.0703 258.718201 300. -20.4690914 0. 0. 0.
 1 150 0 T F 5.2627573 15.6591873 8.81892872 0.5 0.5 0. 4159.46289 0. 59761.0039 258.919098 300. -20.5754547 0. 0. 0.
 1 151 0 T F 5.26375723 15.6601877 8.77756786 0.5 0.5 0. 4138.78223 0. 59924.0742 259.121002 300. -20.6805191 0. 0. 0.
 1 152 0 T F 5.26475716 15.6611881 8.73599911 0.5 0.5 0. 4117.99805 0. 60088.2813 259.323914 300. -20.7842808 0. 0. 0.
 1 153 0 T F 5.26575708 15.6621885 8.69422531 0.5 0.5 0. 4097.11133 0. 60253.6211 259.527832 300. -20.886734 0. 0. 0.
 1 154 0 T F 5.26675701 15.6631889 8.65224934 0.5 0.5 0. 4076.12354 0. 60420.0898 259.732758 300. -20.9878731 0. 0. 0.
 1 155 0 T F 5.26775694 15.6641893 8.61007404 0.5 0.5 0. 4055.03589 0. 60587.6797 259.938629 300. -21.0876942 0. 0. 0.
 1 156 0 T F 5.26875687 15.6651897 8.56770134 0.5 0.5 0. 4033.84961 0. 60756.3867 260.145447 300. -21.1861916 0. 0. 0.
 1 157 0 T F 5.26975679 15.6661901 8.52513504 0.5 0.5 0. 4012.56616 0. 60926.1992 260.353241 300. -21.2833614 0. 0. 0.
 1 158 0 T F 5.27075672 15.6671906 8.48237705 0.5 0.5 0. 3991.18701 0. 61097.1172 260.561951 300. -21.3791981 0. 0. 0.
 1 159 0 T F 5.27175665 15.668191 8.43942928 0.5 0.5 0. 3969.71338 0. 61269.1367 260.771606 300. -21.4736958 0. 0. 0.
 1 160 0 T F 5.27275658 15.6691914 8.39629555 0.5 0.5 0. 3948.14648 0. 61442.2539 260.982147 300. -21.5668526 0. 0. 0.
 1 161 0 T F 5.2737565 15.6701918 8.35297775 0.5 0.5 0. 3926.48779 0. 61616.4531 261.193634 300. -21.6586628 0. 0. 0.
 1 162 0 T F 5.27475643 15.6711922 8.30947971 0.5 0.5 0. 3904.73877 0. 61791.7344 261.405945 300. -21.7491207 0. 0. 0.
 1 163 0 T F 5.27575636 15.6721926 8.26580334 0.5 0.5 0. 3882.90063 0. 61968.0938 261.619171 300. -21.8382244 0. 0. 0.
 1 164 0 T F 5.27675629 15.673193 8.22195148 0.5 0.5 0. 3860.97461 0. 62145.5195 261.833191 300. -21.9259701 0. 0. 0.
 1 165 0 T F 5.27775621 15.6741934 8.17792702 0.5 0.5 0. 3838.96216 0. 62324.0078 262.048096 300. -22.012352 0. 0. 0.
 1 166 0 T F 5.27875614 15.6751938 8.13373184 0.5 0.5 0. 3816.86475 0. 62503.5508 262.263824 300. -22.0973663 0. 0. 0.
 1 167 0 T F 5.27975607 15.6761942 8.08936977 0.5 0.5 0. 3794.68384 0. 62684.1484 262.480377 300. -22.1810112 0. 0. 0.
 1 168 0 T F 5.280756 15.6771946 8.04484367 0.5 0.5 0. 3772.42065 0. 62865.7891 262.697723 300. -22.2632809 0. 0. 0.
 1 169 0 T F 5.28175592 15.678195 8.00015545 0.5 0.5 0. 3750.07642 0. 63048.4688 262.915863 300. -22.3441734 0. 0. 0.
 1 170 0 T F 5.28275585 15.6791954 7.95530796 0.5 0.5 0. 3727.65283 0. 63232.1758 263.134766 300. -22.4236832 0. 0. 0.
 1 171 0 T F 5.28375578 15.6801958 7.91030455 0.5 0.5 0. 3705.15112 0. 63416.9063 263.354431 300. -22.5018082 0. 0. 0.
 1 172 0 T F 5.28475571 15.6811962 7.86514759 0.5 0.5 0. 3682.57251 0. 63602.6523 263.57486 300. -22.5785465 0. 0. 0.
 1 173 0 T F 5.28575563 15.6821966 7.81983995 0.5 0.5 0. 3659.9187 0. 63789.4141 263.796051 300. -22.6538925 0. 0. 0.
 1 174 0 T F 5.28675556 15.683197 7.7743845 0.5 0.5 0. 3637.19092 0. 63977.1719 264.017914 300. -22.7278442 0. 0. 0.
 1 175 0 T F 5.28775549 15.6841974 7.72878361 0.5 0.5 0. 3614.39063 0. 64165.9258 264.240509 300. -22.8003979 0. 0. 0.
 1 176 0 T F 5.28875542 15.6851978 7.68304062 0.5 0.5 0. 3591.51904 0. 64355.6719 264.463776 300. -22.8715515 0. 0. 0.
 1 177 0 T F 5.28975534 15.6861982 7.63715792 0.5 0.5 0. 3568.57764 0. 64546.3945 264.687744 300. -22.9413033 0. 0. 0.
 1 178 0 T F 5.29075527 15.6871986 7.59113884 0.5 0.5 0. 3545.56787 0. 64738.0898 264.912384 300. -23.0096474 0. 0. 0.
 1 179 0 T F 5.2917552 15.688199 7.54498577 0.5 0.5 0. 3522.49121 0. 64930.7461 265.137634 300. -23.0765839 0. 0. 0.
 1 180 0 T F 5.29275513 15.6891994 7.49870157 0.5 0.5 0. 3499.34912 0. 65124.3633 265.363586 300. -23.1421089 0. 0. 0.
 1 181 0 T F 5.29375505 15.6901999 7.4522891 0.5 0.5 0. 3476.14282 0. 65318.9297 265.590118 300. -23.2062206 0. 0. 0.
 1 182 0 T F 5.29475498 15.6912003 7.40575123 0.5 0.5 0. 3452.87402 0. 65514.4375 265.817261 300. -23.2689171 0. 0. 0.
 1 183 0 T F 5.29575491 15.6922007 7.35909081 0.5 0.5 0. 3429.54395 0. 65710.8828 266.045044 300. -23.3301964 0. 0. 0.
 1 184 0 T F 5.29675484 15.6932011 7.3123107 0.5 0.5 0. 3406.15381 0. 65908.25 266.273376 300. -23.3900547 0. 0. 0.
 1 185 0 T F 5.29775476 15.6942015 7.26541376 0.5 0.5 0. 3382.70532 0. 66106.5313 266.502289 300. -23.4484901 0. 0. 0.
 1 186 0 T F 5.29875469 15.6952019 7.21840286 0.5 0.5 0. 3359.19971 0. 66305.7266 266.73175 300. -23.5055027 0. 0. 0.
 1 187 0 T F 5.29975462 15.6962023 7.17128086 0.5 0.5 0. 3335.63867 0. 66505.8203 266.961761 300. -23.5610886 0. 0. 0.
 1 188 0 T F 5.30075455 15.6972027 7.12405014 0.5 0.5 0. 3312.02344 0. 66706.8047 267.192291 300. -23.6152458 0. 0. 0.
 1 189 0 T F 5.30175447 15.6982031 7.07671404 0.5 0.5 0. 3288.35547 0. 66908.6797 267.42334 300. -23.6679745 0. 0. 0.
 1 190 0 T F 5.3027544 15.6992035 7.02927542 0.5 0.5 0. 3264.63623 0. 67111.4219 267.654907 300. -23.7192726 0. 0. 0.
 1 191 0 T F 5.30375433 15.7002039 6.98173714 0.5 0.5 0. 3240.86719 0. 67315.0313 267.886932 300. -23.7691383 0. 0. 0.
 1 192 0 T F 5.30475426 15.7012043 6.93410206 0.5 0.5 0. 3217.04956 0. 67519.5 268.119446 300. -23.8175697 0. 0. 0.
 1 193 0 T F 5.30575418 15.7022047 6.88637304 0.5 0.5 0. 3193.18506 0. 67724.8125 268.352417 300. -23.8645668 0. 0. 0.
 1 194 0 T F 5.30675411 15.7032051 6.83855295 0.5 0.5 0. 3169.2749 0. 67930.9688 268.585815 300. -23.9101276 0. 0. 0.
 1 195 0 T F 5.30775404 15.7042055 6.79064465 0.5 0.5 0. 3145.32056 0. 68137.9531 268.819672 300. -23.9542503 0. 0. 0.
 1 196 0 T F 5.30875397 15.7052059 6.74265099 0.5 0.5 0. 3121.32373 0. 68345.7578 269.053955 300. -23.9969349 0. 0. 0.
 1 197 0 T F 5.30975389 15.7062063 6.69457483 0.5 0.5 0. 3097.28564 0. 68554.3672 269.288605 300. -24.0381813 0. 0. 0.
 1 198 0 T F 5.31075382 15.7072067 6.64641905 0.5 0.5 0. 3073.20776 0. 68763.7734 269.523651 300. -24.0779877 0. 0. 0.
 1 199 0 T F 5.31175375 15.7082071 6.59818649 0.5 0.5 0. 3049.09131 0. 68973.9766 269.759064 300. -24.116354 0. 0. 0.
 1 200 0 T F 5.31275368 15.7092075 6.54988003 0.5 0.5 0. 3024.93799 0. 69184.9609 269.994873 300. -24.1532784 0. 0. 0.
 1 201 0 T F 5.3137536 15.7102079 6.50150251 0.5 0.5 0. 3000.74927 0. 69396.7188 270.230988 300. -24.1887608 0. 0. 0.
 1 202 0 T F 5.31475353 15.7112083 6.45305681 0.5 0.5 0. 2976.52637 0. 69609.2344 270.467468 300. -24.2228012 0. 0. 0.
 1 203 0 T F 5.31575346 15.7122087 6.40454578 0.5 0.5 0. 2952.271 0. 69822.5 270.704254 300. -24.2553978 0. 0. 0.
 1 204 0 T F 5.31675339 15.7132092 6.35597277 0.5 0.5 0. 2927.98438 0. 70036.5078 270.941345 300. -24.2865524 0. 0. 0.
 1 205 0 T F 5.31775331 15.7142096 6.30734015 0.5 0.5 0. 2903.66821 0. 70251.2422 271.178711 300. -24.3162632 0. 0. 0.
 1 206 0 T F 5.31875324 15.71521 6.25865126 0.5 0.5 0. 2879.32373 0. 70466.7031 271.416351 300. -24.3445301 0. 0. 0.
 1 207 0 T F 5.31975317 15.7162104 6.20990849 0.5 0.5 0. 2854.95239 0. 70682.8672 271.654266 300. -24.3713551 0. 0. 0.
 1 208 0 T F 5.3207531 15.7172108 6.16111517 0.5 0.5 0. 2830.55566 0. 70899.7344 271.892426 300. -24.3967381 0. 0. 0.
 1 209 0 T F 5.32175303 15.7182112 6.11227369 0.5 0.5 0. 2806.13501 0. 71117.2891 272.130829 300. -24.4206772 0. 0. 0.
 1 210 0 T F 5.32275295 15.7192116 6.06338739 0.5 0.5 0. 2781.69189 0. 71335.5156 272.369446 300. -24.4431725 0. 0. 0.
 1 211 0 T F 5.32375288 15.720212 6.01445913 0.5 0.5 0. 2757.22778 0. 71554.4141 272.608276 300. -24.4642258 0. 0. 0.
 1 212 0 T F 5.32475281 15.7212124 5.96549129 0.5 0.5 0. 2732.7439 0. 71773.9688 272.84726 300. -24.4838371 0. 0. 0.
 1 213 0 T F 5.32575274 15.7222128 5.91648722 0.5 0.5 0. 2708.24194 0. 71994.1719 273.086456 300. -24.5020084 0. 0. 0.
 1 214 0 T F 5.32675266 15.7232132 5.86744976 0.5 0.5 0. 2683.72314 0. 72215.0078 273.325836 300. -24.5187378 0. 0. 0.
 1 215 0 T F 5.32775259 15.7242136 5.81838179 0.5 0.5 0. 2659.18921 0. 72436.4609 273.565338 300. -24.5340271 0. 0. 0.
 1 216 0 T F 5.32875252 15.725214 5.76928616 0.5 0.5 0. 2634.64136 0. 72658.5234 273.804962 300. -24.5478783 0. 0. 0.
 1 217 0 T F 5.32975245 15.7262144 5.72016573 0.5 0.5 0. 2610.08105 0. 72881.1875 274.044739 300. -24.5602894 0. 0. 0.
 1 218 0 T F 5.33075237 15.7272148 5.67102337 0.5 0.5 0. 2585.50977 0. 73104.4375 274.284607 300. -24.5712643 0. 0. 0.
 1 219 0 T F 5.3317523 15.7282152 5.62186193 0.5 0.5 0. 2560.92896 0. 73328.2578 274.524567 300. -24.5808029 0. 0. 0.
 1 220 0 T F 5.33275223 15.7292156 5.57268429 0.5 0.5 0. 2536.34009 0. 73552.6406 274.764587 300. -24.5889053 0. 0. 0.
 1 221 0 T F 5.33375216 15.730216 5.52349329 0.5 0.5 0. 2511.74463 0. 73777.5781 275.0047 300. -24.5955734 0. 0. 0.
 1 222 0 T F 5.33475208 15.7312164 5.4742918 0.5 0.5 0. 2487.1438 0. 74003.0547 275.244843 300. -24.6008091 0. 0. 0.
 1 223 0 T F 5.33575201 15.7322168 5.42508268 0.5 0.5 0. 2462.53906 0. 74229.0547 275.485046 300. -24.6046143 0. 0. 0.
 1 224 0 T F 5.33675194 15.7332172 5.3758688 0.5 0.5 0. 2437.93213 0. 74455.5625 275.72525 300. -24.606987 0. 0. 0.
 1 225 0 T F 5.33775187 15.7342176 5.326653 0.5 0.5 0. 2413.32422 0. 74682.5781 275.965485 300. -24.607933 0. 0. 0.
 1 226 0 T F 5.33875179 15.735218 5.27743816 0.5 0.5 0. 2388.7168 0. 74910.0781 276.205688 300. -24.6074505 0. 0. 0.
 1 227 0 T F 5.33975172 15.7362185 5.22822714 0.5 0.5 0. 2364.11133 0. 75138.0625 276.445923 300. -24.6055431 0. 0. 0.
 1 228 0 T F 5.34075165 15.7372189 5.17902279 0.5 0.5 0. 2339.50903 0. 75366.5156 276.686066 300. -24.6022129 0. 0. 0.
 1 229 0 T F 5.34175158 15.7382193 5.12982798 0.5 0.5 0. 2314.91162 0. 75595.4141 276.926208 300. -24.5974617 0. 0. 0.
 1 230 0 T F 5.3427515 15.7392197 5.08064556 0.5 0.5 0. 2290.32031 0. 75824.75 277.16626 300. -24.5912895 0. 0. 0.
 1 231 0 T F 5.34375143 15.7402201 5.03147793 0.5 0.5 0. 2265.73657 0. 76054.5156 277.40625 300. -24.5837002 0. 0. 0.
 1 232 0 T F 5.34475136 15.7412205 4.98232841 0.5 0.5 0. 2241.16187 0. 76284.6953 277.646179 300. -24.5746956 0. 0. 0.
 1 233 0 T F 5.34575129 15.7422209 4.93319988 0.5 0.5 0. 2216.59766 0. 76515.2734 277.885956 300. -24.5642757 0. 0. 0.
 1 234 0 T F 5.34675121 15.7432213 4.88409519 0.5 0.5 0. 2192.04517 0. 76746.2344 278.125641 300. -24.5524445 0. 0. 0.
 1 235 0 T F 5.34775114 15.7442217 4.83501673 0.5 0.5 0. 2167.50586 0. 76977.5703 278.365204 300. -24.5392056 0. 0. 0.
 1 236 0 T F 5.34875107 15.7452221 4.78596783 0.5 0.5 0. 2142.9812 0. 77209.2656 278.604614 300. -24.524559 0. 0. 0.
 1 237 0 T F 5.349751 15.7462225 4.73695087 0.5 0.5 0. 2118.47266 0. 77441.3125 278.843903 300. -24.5085087 0. 0. 0.
 1 238 0 T F 5.35075092 15.7472229 4.68796873 0.5 0.5 0. 2093.98169 0. 77673.6875 279.082977 300. -24.4910564 0. 0. 0.
 1 239 0 T F 5.35175085 15.7482233 4.63902426 0.5 0.5 0. 2069.50952 0. 77906.375 279.321899 300. -24.4722042 0. 0. 0.
 1 240 0 T F 5.35275078 15.7492237 4.59012032 0.5 0.5 0. 2045.05762 0. 78139.375 279.560608 300. -24.4519558 0. 0. 0.
 1 241 0 T F 5.35375071 15.7502241 4.54125977 0.5 0.5 0. 2020.62732 0. 78372.6563 279.799072 300. -24.4303131 0. 0. 0.
 1 242 0 T F 5.35475063 15.7512245 4.49244499 0.5 0.5 0. 1996.22009 0. 78606.2188 280.037384 300. -24.40728 0. 0. 0.
 1 243 0 T F 5.35575056 15.7522249 4.44367933 0.5 0.5 0. 1971.83728 0. 78840.0469 280.275421 300. -24.3828583 0. 0. 0.
 1 244 0 T F 5.35675049 15.7532253 4.39496517 0.5 0.5 0. 1947.48022 0. 79074.1172 280.513184 300. -24.3570518 0. 0. 0.
 1 245 0 T F 5.35775042 15.7542257 4.34630537 0.5 0.5 0. 1923.15039 0. 79308.4219 280.750702 300. -24.3298626 0. 0. 0.
 1 246 0 T F 5.35875034 15.7552261 4.29770279 0.5 0.5 0. 1898.84912 0. 79542.9453 280.987915 300. -24.3012962 0. 0. 0.
 1 247 0 T F 5.35975027 15.7562265 4.24916029 0.5 0.5 0. 1874.57776 0. 79777.6797 281.224884 300. -24.2713528 0. 0. 0.
 1 248 0 T F 5.3607502 15.7572269 4.20068026 0.5 0.5 0. 1850.33777 0. 80012.6016 281.461548 300. -24.2400379 0. 0. 0.
 1 249 0 T F 5.36175013 15.7582273 4.15226555 0.5 0.5 0. 1826.13037 0. 80247.7031 281.697845 300. -24.2073536 0. 0. 0.
 1 250 0 T F 5.36275005 15.7592278 4.10391903 0.5 0.5 0. 1801.95703 0. 80482.9688 281.933868 300. -24.1733036 0. 0. 0.
 1 251 0 T F 5.36374998 15.7602282 4.05564308 0.5 0.5 0. 1777.81909 0. 80718.375 282.169495 300. -24.1378899 0. 0. 0.
 1 252 0 T F 5.36474991 15.7612286 4.00744104 0.5 0.5 0. 1753.71802 0. 80953.9141 282.404785 300. -24.1011181 0. 0. 0.
 1 253 0 T F 5.36574984 15.762229 3.95931506 0.5 0.5 0. 1729.65503 0. 81189.5703 282.639709 300. -24.0629921 0. 0. 0.
 1 254 0 T F 5.36674976 15.7632294 3.911268 0.5 0.5 0. 1705.63147 0. 81425.3281 282.874237 300. -24.0235138 0. 0. 0.
 1 255 0 T F 5.36774969 15.7642298 3.86330271 0.5 0.5 0. 1681.6488 0. 81661.1719 283.108368 300. -23.982687 0. 0. 0.
 1 256 0 T F 5.36874962 15.7652302 3.81542158 0.5 0.5 0. 1657.70825 0. 81897.0859 283.342102 300. -23.9405155 0. 0. 0.
 1 257 0 T F 5.36974955 15.7662306 3.76762748 0.5 0.5 0. 1633.81128 0. 82133.0547 283.575378 300. -23.8970051 0. 0. 0.
 1 258 0 T F 5.37074947 15.767231 3.71992326 0.5 0.5 0. 1609.95911 0. 82369.0703 283.808258 300. -23.8521576 0. 0. 0.
 1 259 0 T F 5.3717494 15.7682314 3.67231131 0.5 0.5 0. 1586.15308 0. 82605.1094 284.040649 300. -23.8059769 0. 0. 0.
 1 260 0 T F 5.37274933 15.7692318 3.62479448 0.5 0.5 0. 1562.39465 0. 82841.1563 284.272614 300. -23.7584686 0. 0. 0.
 1 261 0 T F 5.37374926 15.7702322 3.57737517 0.5 0.5 0. 1538.68506 0. 83077.1953 284.504059 300. -23.7096367 0. 0. 0.
 1 262 0 T F 5.37474918 15.7712326 3.53005624 0.5 0.5 0. 1515.02563 0. 83313.2266 284.735046 300. -23.6594849 0. 0. 0.
 1 263 0 T F 5.37574911 15.772233 3.4828403 0.5 0.5 0. 1491.4176 0. 83549.2109 284.965515 300. -23.608017 0. 0. 0.
 1 264 0 T F 5.37674904 15.7732334 3.43572974 0.5 0.5 0. 1467.8623 0. 83785.1484 285.195496 300. -23.5552368 0. 0. 0.
 1 265 0 T F 5.37774897 15.7742338 3.38872743 0.5 0.5 0. 1444.36121 0. 84021.0234 285.424927 300. -23.5011482 0. 0. 0.
 1 266 0 T F 5.37874889 15.7752342 3.34183598 0.5 0.5 0. 1420.91541 0. 84256.8125 285.653839 300. -23.4457569 0. 0. 0.
 1 267 0 T F 5.37974882 15.7762346 3.29505777 0.5 0.5 0. 1397.52637 0. 84492.5 285.882172 300. -23.3890686 0. 0. 0.
 1 268 0 T F 5.38074875 15.777235 3.24839568 0.5 0.5 0. 1374.19531 0. 84728.0703 286.109955 300. -23.3310852 0. 0. 0.
 1 269 0 T F 5.38174868 15.7782354 3.20185208 0.5 0.5 0. 1350.92346 0. 84963.5078 286.337158 300. -23.2718124 0. 0. 0.
 1 270 0 T F 5.3827486 15.7792358 3.1554296 0.5 0.5 0. 1327.71216 0. 85198.8047 286.563751 300. -23.211256 0. 0. 0.
 1 271 0 T F 5.38374853 15.7802362 3.10913086 0.5 0.5 0. 1304.56274 0. 85433.9375 286.789795 300. -23.1494198 0. 0. 0.
 1 272 0 T F 5.38474846 15.7812366 3.06295824 0.5 0.5 0. 1281.47644 0. 85668.8906 287.015167 300. -23.0863075 0. 0. 0.
 1 273 0 T F 5.38574839 15.7822371 3.01691437 0.5 0.5 0. 1258.45447 0. 85903.6484 287.239929 300. -23.021925 0. 0. 0.
 1 274 0 T F 5.38674831 15.7832375 2.97100186 0.5 0.5 0. 1235.49817 0. 86138.1953 287.464081 300. -22.9562778 0. 0. 0.
 1 275 0 T F 5.38774824 15.7842379 2.92522311 0.5 0.5 0. 1212.60876 0. 86372.5078 287.687531 300. -22.88937 0. 0. 0.
 1 276 0 T F 5.38874817 15.7852383 2.87958074 0.5 0.5 0. 1189.7876 0. 86606.5859 287.910339 300. -22.8212051 0. 0. 0.
 1 277 0 T F 5.3897481 15.7862387 2.83407712 0.5 0.5 0. 1167.03577 0. 86840.3984 288.132477 300. -22.7517891 0. 0. 0.
 1 278 0 T F 5.39074802 15.7872391 2.78871489 0.5 0.5 0. 1144.35461 0. 87073.9297 288.353912 300. -22.6811275 0. 0. 0.
 1 279 0 T F 5.39174795 15.7882395 2.74349642 0.5 0.5 0. 1121.74536 0. 87307.1797 288.574677 300. -22.6092262 0. 0. 0.
 1 280 0 T F 5.39274788 15.7892399 2.69842434 0.5 0.5 0. 1099.20923 0. 87540.1172 288.794708 300. -22.5360889 0. 0. 0.
 1 281 0 T F 5.39374781 15.7902403 2.6535008 0.5 0.5 0. 1076.74756 0. 87772.7266 289.014008 300. -22.4617233 0. 0. 0.
 1 282 0 T F 5.39474773 15.7912407 2.60872841 0.5 0.5 0. 1054.36145 0. 88004.9922 289.232544 300. -22.3861332 0. 0. 0.
 1 283 0 T F 5.39574766 15.7922411 2.5641098 0.5 0.5 0. 1032.05212 0. 88236.8984 289.450378 300. -22.3093224 0. 0. 0.
 1 284 0 T F 5.39674759 15.7932415 2.51964712 0.5 0.5 0. 1009.8208 0. 88468.4219 289.667419 300. -22.2312984 0. 0. 0.
 1 285 0 T F 5.39774752 15.7942419 2.47534299 0.5 0.5 0. 987.668762 0. 88699.5547 289.883728 300. -22.1520672 0. 0. 0.
 1 286 0 T F 5.39874744 15.7952423 2.43119979 0.5 0.5 0. 965.597107 0. 88930.2734 290.099213 300. -22.0716324 0. 0. 0.
 1 287 0 T F 5.39974737 15.7962427 2.38721991 0.5 0.5 0. 943.607117 0. 89160.5781 290.313904 300. -21.9899998 0. 0. 0.
 1 288 0 T F 5.4007473 15.7972431 2.34340549 0.5 0.5 0. 921.699951 0. 89390.4375 290.527802 300. -21.9071751 0. 0. 0.
 1 289 0 T F 5.40174723 15.7982435 2.29975915 0.5 0.5 0. 899.87677 0. 89619.8359 290.740906 300. -21.823164 0. 0. 0.
 1 290 0 T F 5.40274715 15.7992439 2.25628328 0.5 0.5 0. 878.138794 0. 89848.75 290.953156 300. -21.7379723 0. 0. 0.
 1 291 0 T F 5.40374708 15.8002443 2.21298003 0.5 0.5 0. 856.487183 0. 90077.1797 291.164551 300. -21.6516056 0. 0. 0.
 1 292 0 T F 5.40474701 15.8012447 2.16985178 0.5 0.5 0. 834.923096 0. 90305.0938 291.375092 300. -21.5640717 0. 0. 0.
 1 293 0 T F 5.40574694 15.8022451 2.12690091 0.5 0.5 0. 813.447693 0. 90532.4766 291.584778 300. -21.4753742 0. 0. 0.
 1 294 0 T F 5.40674686 15.8032455 2.08412981 0.5 0.5 0. 792.062195 0. 90759.3203 291.79361 300. -21.385519 0. 0. 0.
 1 295 0 T F 5.40774679 15.8042459 2.04154086 0.5 0.5 0. 770.7677 0. 90985.5938 292.001495 300. -21.2945118 0. 0. 0.
 1 296 0 T F 5.40874672 15.8052464 1.99913609 0.5 0.5 0. 749.565369 0. 91211.2969 292.208527 300. -21.2023602 0. 0. 0.
 1 297 0 T F 5.40974665 15.8062468 1.9569267 0.5 0.5 0. 728.460693 0. 91436.3594 292.414612 300. -21.1047001 0. 0. 0.
 1 298 0 T F 5.41074657 15.8072472 1.91536117 0.5 0.5 0. 707.677917 0. 91658.375 292.617523 300. -20.7827663 0. 0. 0.
 1 299 0 T F 5.4117465 15.8082476 1.87492168 0.5 0.5 0. 687.45813 0. 91874.75 292.814972 300. -20.2197704 0. 0. 0.
 1 300 0 T F 5.41274643 15.809248 1.8361212 0.5 0.5 0. 668.057861 0. 92082.7031 293.004395 300. -19.400259 0. 0. 0.
 1 301 0 T F 5.41374636 15.8102484 1.79949856 0.5 0.5 0. 649.746582 0. 92279.3047 293.183228 300. -18.3113022 0. 0. 0.
 1 302 0 T F 5.41474628 15.8112488 1.76561046 0.5 0.5 0. 632.802551 0. 92461.5078 293.348694 300. -16.9440327 0. 0. 0.
 1 303 0 T F 5.41574621 15.8122492 1.73501945 0.5 0.5 0. 617.507019 0. 92626.2109 293.498077 300. -15.2955132 0. 0. 0.
 1 304 0 T F 5.41674614 15.8132496 1.70827782 0.5 0.5 0. 604.136169 0. 92770.375 293.628693 300. -13.3708353 0. 0. 0.
 1 305 0 T F 5.41774607 15.81425 1.68590736 0.5 0.5 0. 592.950989 0. 92891.1094 293.737946 300. -11.1852064 0. 0. 0.
 1 306 0 T F 5.41874599 15.8152504 1.66837609 0.5 0.5 0. 584.185364 0. 92985.8125 293.823578 300. -8.76565266 0. 0. 0.
 1 307 0 T F 5.41974592 15.8162508 1.65607238 0.5 0.5 0. 578.033508 0. 93052.3203 293.883667 300. -6.15183067 0. 0. 0.
 1 308 0 T F 5.42074585 15.8172512 1.64928138 0.5 0.5 0. 574.638062 0. 93089.0469 293.91684 300. -3.39546967 0. 0. 0.
 1 309 0 T F 5.42174578 15.8182516 1.64816511 0.5 0.5 0. 574.079956 0. 93095.0859 293.922302 300. -0.558120966 0. 0. 0.
 1 310 0 T F 5.4227457 15.819252 1.65275049 0.5 0.5 0. 576.372681 0. 93070.2734 293.899902 300. 2.29270363 0. 0. 0.
 1 311 0 T F 5.42374563 15.8202524 1.66292739 0.5 0.5 0. 581.461182 0. 93015.2188 293.850128 300. 5.08847094 0. 0. 0.
 1 312 0 T F 5.42474556 15.8212528 1.6784569 0.5 0.5 0. 589.225952 0. 92931.25 293.774231 300. 7.76476192 0. 0. 0.
 1 313 0 T F 5.42574549 15.8222532 1.6989882 0.5 0.5 0. 599.491577 0. 92820.3047 293.673859 300. 10.2656469 0. 0. 0.
 1 314 0 T F 5.42674541 15.8232536 1.7240814 0.5 0.5 0. 612.038147 0. 92684.8281 293.551178 300. 12.5465937 0. 0. 0.
 1 315 0 T F 5.42774534 15.824254 1.75323272 0.5 0.5 0. 626.613831 0. 92527.6016 293.408661 300. 14.5756702 0. 0. 0.
 1 316 0 T F 5.42874527 15.8252544 1.78589916 0.5 0.5 0. 642.947021 0. 92351.6328 293.248932 300. 16.3332157 0. 0. 0.
 1 317 0 T F 5.4297452 15.8262548 1.82151997 0.5 0.5 0. 660.757446 0. 92160.0156 293.074738 300. 17.8104229 0. 0. 0.
 1 318 0 T F 5.43074512 15.8272552 1.85953462 0.5 0.5 0. 679.764771 0. 91955.8203 292.888855 300. 19.0073471 0. 0. 0.
 1 319 0 T F 5.43174505 15.8282557 1.89939618 0.5 0.5 0. 699.695557 0. 91742.0391 292.693909 300. 19.9307766 0. 0. 0.
 1 320 0 T F 5.43274498 15.8292561 1.94058073 0.5 0.5 0. 720.287842 0. 91521.5313 292.492493 300. 20.5922565 0. 0. 0.
 1 321 0 T F 5.43374491 15.8302565 1.98259354 0.5 0.5 0. 741.29425 0. 91296.9766 292.287018 300. 21.0064125 0. 0. 0.
 1 322 0 T F 5.43474483 15.8312569 2.02497292 0.5 0.5 0. 762.483887 0. 91070.8594 292.079773 300. 21.1896324 0. 0. 0.
 1 323 0 T F 5.43574476 15.8322573 2.06753731 0.5 0.5 0. 783.766052 0. 90844.1563 291.871582 300. 21.2821846 0. 0. 0.
 1 324 0 T F 5.43674469 15.8332577 2.11028457 0.5 0.5 0. 805.139648 0. 90616.8828 291.662537 300. 21.3735847 0. 0. 0.
 1 325 0 T F 5.43774462 15.8342581 2.15321231 0.5 0.5 0. 826.603455 0. 90389.0625 291.452576 300. 21.463829 0. 0. 0.
 1 326 0 T F 5.43874454 15.8352585 2.19631815 0.5 0.5 0. 848.156372 0. 90160.7031 291.24176 300. 21.5529118 0. 0. 0.
 1 327 0 T F 5.43974447 15.8362589 2.2395997 0.5 0.5 0. 869.79718 0. 89931.8281 291.03009 300. 21.6408253 0. 0. 0.
 1 328 0 T F 5.4407444 15.8372593 2.28305483 0.5 0.5 0. 891.524719 0. 89702.4531 290.817535 300. 21.7275639 0. 0. 0.
 1 329 0 T F 5.44174433 15.8382597 2.32668114 0.5 0.5 0. 913.33783 0. 89472.5938 290.604187 300. 21.8131218 0. 0. 0.
 1 330 0 T F 5.44274426 15.8392601 2.37047601 0.5 0.5 0. 935.235352 0. 89242.2656 290.389984 300. 21.8974934 0. 0. 0.
 1 331 0 T F 5.44374418 15.8402605 2.41443729 0.5 0.5 0. 957.216003 0. 89011.4922 290.174988 300. 21.9806747 0. 0. 0.
 1 332 0 T F 5.44474411 15.8412609 2.45856261 0.5 0.5 0. 979.278687 0. 88780.2813 289.959167 300. 22.0626583 0. 0. 0.
 1 333 0 T F 5.44574404 15.8422613 2.50284958 0.5 0.5 0. 1001.42212 0. 88548.6563 289.742554 300. 22.1434383 0. 0. 0.
 1 334 0 T F 5.44674397 15.8432617 2.54729557 0.5 0.5 0. 1023.64514 0. 88316.625 289.525177 300. 22.2230091 0. 0. 0.
 1 335 0 T F 5.44774389 15.8442621 2.5918982 0.5 0.5 0. 1045.94653 0. 88084.2188 289.307007 300. 22.3013649 0. 0. 0.
 1 336 0 T F 5.44874382 15.8452625 2.63665509 0.5 0.5 0. 1068.32507 0. 87851.4453 289.088104 300. 22.3785 0. 0. 0.
 1 337 0 T F 5.44974375 15.8462629 2.68156385 0.5 0.5 0. 1090.77954 0. 87618.3203 288.868469 300. 22.4544106 0. 0. 0.
 1 338 0 T F 5.45074368 15.8472633 2.7266221 0.5 0.5 0. 1113.30859 0. 87384.8672 288.648102 300. 22.529089 0. 0. 0.
 1 339 0 T F 5.4517436 15.8482637 2.77182722 0.5 0.5 0. 1135.91113 0. 87151.0938 288.426971 300. 22.6025314 0. 0. 0.
 1 340 0 T F 5.45274353 15.8492641 2.81717658 0.5 0.5 0. 1158.58582 0. 86917.0234 288.20517 300. 22.6747322 0. 0. 0.
 1 341 0 T F 5.45374346 15.8502645 2.86266804 0.5 0.5 0. 1181.33154 0. 86682.6719 287.982697 300. 22.7456856 0. 0. 0.
 1 342 0 T F 5.45474339 15.851265 2.90829873 0.5 0.5 0. 1204.14697 0. 86448.0547 287.759491 300. 22.8153877 0. 0. 0.
 1 343 0 T F 5.45574331 15.8522654 2.95406628 0.5 0.5 0. 1227.03076 0. 86213.1875 287.535645 300. 22.883831 0. 0. 0.
 1 344 0 T F 5.45674324 15.8532658 2.99996829 0.5 0.5 0. 1249.98181 0. 85978.0938 287.311127 300. 22.9510136 0. 0. 0.
 1 345 0 T F 5.45774317 15.8542662 3.04600215 0.5 0.5 0. 1272.99878 0. 85742.7813 287.085968 300. 23.0169277 0. 0. 0.
 1 346 0 T F 5.4587431 15.8552666 3.09216523 0.5 0.5 0. 1296.08032 0. 85507.2656 286.860168 300. 23.0815697 0. 0. 0.
 1 347 0 T F 5.45974302 15.856267 3.13845515 0.5 0.5 0. 1319.22522 0. 85271.5703 286.633759 300. 23.1449337 0. 0. 0.
 1 348 0 T F 5.46074295 15.8572674 3.18486929 0.5 0.5 0. 1342.43225 0. 85035.7109 286.406738 300. 23.207016 0. 0. 0.
 1 349 0 T F 5.46174288 15.8582678 3.23140502 0.5 0.5 0. 1365.70007 0. 84799.6953 286.179138 300. 23.2678108 0. 0. 0.
 1 350 0 T F 5.46274281 15.8592682 3.27805972 0.5 0.5 0. 1389.02734 0. 84563.5469 285.950928 300. 23.3273144 0. 0. 0.
 1 351 0 T F 5.46374273 15.8602686 3.32483077 0.5 0.5 0. 1412.41284 0. 84327.2813 285.722168 300. 23.3855209 0. 0. 0.
 1 352 0 T F 5.46474266 15.861269 3.37171555 0.5 0.5 0. 1435.85522 0. 84090.9141 285.492828 300. 23.4424267 0. 0. 0.
 1 353 0 T F 5.46574259 15.8622694 3.41871166 0.5 0.5 0. 1459.35327 0. 83854.4609 285.26297 300. 23.4980259 0. 0. 0.
 1 354 0 T F 5.46674252 15.8632698 3.46581626 0.5 0.5 0. 1482.90564 0. 83617.9375 285.032562 300. 23.5523148 0. 0. 0.
 1 355 0 T F 5.46774244 15.8642702 3.51302695 0.5 0.5 0. 1506.51099 0. 83381.3594 284.801636 300. 23.6052895 0. 0. 0.
 1 356 0 T F 5.46874237 15.8652706 3.56034088 0.5 0.5 0. 1530.16797 0. 83144.7422 284.570221 300. 23.6569443 0. 0. 0.
 1 357 0 T F 5.4697423 15.866271 3.60775542 0.5 0.5 0. 1553.87524 0. 82908.1016 284.338287 300. 23.7072754 0. 0. 0.
 1 358 0 T F 5.47074223 15.8672714 3.65526795 0.5 0.5 0. 1577.63147 0. 82671.4531 284.105896 300. 23.756279 0. 0. 0.
 1 359 0 T F 5.47174215 15.8682718 3.70287585 0.5 0.5 0. 1601.43542 0. 82434.8125 283.873016 300. 23.8039494 0. 0. 0.
 1 360 0 T F 5.47274208 15.8692722 3.7505765 0.5 0.5 0. 1625.28577 0. 82198.1953 283.639709 300. 23.8502827 0. 0. 0.
 1 361 0 T F 5.47374201 15.8702726 3.79836702 0.5 0.5 0. 1649.18103 0. 81961.6172 283.405945 300. 23.895277 0. 0. 0.
 1 362 0 T F 5.47474194 15.871273 3.84624481 0.5 0.5 0. 1673.12 0. 81725.0938 283.171753 300. 23.9389267 0. 0. 0.
 1 363 0 T F 5.47574186 15.8722734 3.89420724 0.5 0.5 0. 1697.1012 0. 81488.6406 282.937134 300. 23.9812279 0. 0. 0.
 1 364 0 T F 5.47674179 15.8732738 3.94225168 0.5 0.5 0. 1721.12341 0. 81252.2734 282.702118 300. 24.0221767 0. 0. 0.
 1 365 0 T F 5.47774172 15.8742743 3.99037528 0.5 0.5 0. 1745.18518 0. 81016.0156 282.466766 300. 24.0617695 0. 0. 0.
 1 366 0 T F 5.47874165 15.8752747 4.03857517 0.5 0.5 0. 1769.28516 0. 80779.8672 282.230988 300. 24.1000023 0. 0. 0.
 1 367 0 T F 5.47974157 15.8762751 4.08684874 0.5 0.5 0. 1793.422 0. 80543.8516 281.994843 300. 24.1368713 0. 0. 0.
 1 368 0 T F 5.4807415 15.8772755 4.13519335 0.5 0.5 0. 1817.59436 0. 80307.9766 281.758362 300. 24.1723728 0. 0. 0.
 1 369 0 T F 5.48174143 15.8782759 4.18360615 0.5 0.5 0. 1841.8009 0. 80072.2656 281.521576 300. 24.2065048 0. 0. 0.
 1 370 0 T F 5.48274136 15.8792763 4.23208475 0.5 0.5 0. 1866.04016 0. 79836.7344 281.284424 300. 24.2392635 0. 0. 0.
 1 371 0 T F 5.48374128 15.8802767 4.28062582 0.5 0.5 0. 1890.31079 0. 79601.3906 281.046997 300. 24.2706432 0. 0. 0.
 1 372 0 T F 5.48474121 15.8812771 4.32922697 0.5 0.5 0. 1914.61145 0. 79366.25 280.809235 300. 24.300642 0. 0. 0.
 1 373 0 T F 5.48574114 15.8822775 4.37788534 0.5 0.5 0. 1938.94067 0. 79131.3359 280.571228 300. 24.3292561 0. 0. 0.
 1 374 0 T F 5.48674107 15.8832779 4.42659855 0.5 0.5 0. 1963.29712 0. 78896.6484 280.332947 300. 24.3564835 0. 0. 0.
 1 375 0 T F 5.48774099 15.8842783 4.47536325 0.5 0.5 0. 1987.67944 0. 78662.2109 280.094421 300. 24.3823204 0. 0. 0.
 1 376 0 T F 5.48874092 15.8852787 4.5241766 0.5 0.5 0. 2012.08618 0. 78428.0391 279.855652 300. 24.4067631 0. 0. 0.
 1 377 0 T F 5.48974085 15.8862791 4.57303619 0.5 0.5 0. 2036.51599 0. 78194.1484 279.616638 300. 24.4298096 0. 0. 0.
 1 378 0 T F 5.49074078 15.8872795 4.62193918 0.5 0.5 0. 2060.96753 0. 77960.5469 279.377411 300. 24.4514561 0. 0. 0.
 1 379 0 T F 5.4917407 15.8882799 4.6708827 0.5 0.5 0. 2085.43921 0. 77727.25 279.138031 300. 24.4717007 0. 0. 0.
 1 380 0 T F 5.49274063 15.8892803 4.71986389 0.5 0.5 0. 2109.92969 0. 77494.2734 278.898407 300. 24.4905396 0. 0. 0.
 1 381 0 T F 5.49374056 15.8902807 4.76887989 0.5 0.5 0. 2134.43774 0. 77261.625 278.658661 300. 24.5079708 0. 0. 0.
 1 382 0 T F 5.49474049 15.8912811 4.81792784 0.5 0.5 0. 2158.96167 0. 77029.3281 278.418732 300. 24.5239906 0. 0. 0.
 1 383 0 T F 5.49574041 15.8922815 4.86700487 0.5 0.5 0. 2183.50024 0. 76797.3906 278.17868 300. 24.538599 0. 0. 0.
 1 384 0 T F 5.49674034 15.8932819 4.91610861 0.5 0.5 0. 2208.052 0. 76565.8281 277.938477 300. 24.5517921 0. 0. 0.
 1 385 0 T F 5.49774027 15.8942823 4.96523571 0.5 0.5 0. 2232.61548 0. 76334.6563 277.698151 300. 24.5635662 0. 0. 0.
 1 386 0 T F 5.4987402 15.8952827 5.01438379 0.5 0.5 0. 2257.18945 0. 76103.8828 277.457764 300. 24.5739212 0. 0. 0.
 1 387 0 T F 5.49974012 15.8962831 5.06354952 0.5 0.5 0. 2281.77222 0. 75873.5234 277.217255 300. 24.5828533 0. 0. 0.
 1 388 0 T F 5.50074005 15.8972836 5.11273003 0.5 0.5 0. 2306.36255 0. 75643.5938 276.976654 300. 24.5903606 0. 0. 0.
 1 389 0 T F 5.50173998 15.898284 5.16192293 0.5 0.5 0. 2330.95898 0. 75414.1016 276.736053 300. 24.5964413 0. 0. 0.
 1 390 0 T F 5.50273991 15.8992844 5.2111249 0.5 0.5 0. 2355.56006 0. 75185.0625 276.495361 300. 24.6010933 0. 0. 0.
 1 391 0 T F 5.50373983 15.9002848 5.26033354 0.5 0.5 0. 2380.16431 0. 74956.4922 276.254639 300. 24.6043148 0. 0. 0.
 1 392 0 T F 5.50473976 15.9012852 5.30954552 0.5 0.5 0. 2404.77051 0. 74728.4063 276.013916 300. 24.6061039 0. 0. 0.
 1 393 0 T F 5.50573969 15.9022856 5.35875845 0.5 0.5 0. 2429.37695 0. 74500.8047 275.773193 300. 24.6064587 0. 0. 0.
 1 394 0 T F 5.50673962 15.903286 5.407969 0.5 0.5 0. 2453.98242 0. 74273.7109 275.532471 300. 24.6053772 0. 0. 0.
 1 395 0 T F 5.50773954 15.9042864 5.45717478 0.5 0.5 0. 2478.58521 0. 74047.1406 275.291748 300. 24.6028576 0. 0. 0.
 1 396 0 T F 5.50873947 15.9052868 5.50637245 0.5 0.5 0. 2503.18408 0. 73821.0938 275.051086 300. 24.5988998 0. 0. 0.
 1 397 0 T F 5.5097394 15.9062872 5.55555964 0.5 0.5 0. 2527.77759 0. 73595.5859 274.810486 300. 24.5935001 0. 0. 0.
 1 398 0 T F 5.51073933 15.9072876 5.60473299 0.5 0.5 0. 2552.36426 0. 73370.6406 274.569946 300. 24.5866585 0. 0. 0.
 1 399 0 T F 5.51173925 15.908288 5.65388966 0.5 0.5 0. 2576.94263 0. 73146.2578 274.329468 300. 24.5783749 0. 0. 0.
 1 400 0 T F 5.51273918 15.9092884 5.70302677 0.5 0.5 0. 2601.51123 0. 72922.4609 274.089111 300. 24.5686455 0. 0. 0.
 1 401 0 T F 5.51373911 15.9102888 5.75214195 0.5 0.5 0. 2626.0686 0. 72699.25 273.848846 300. 24.5574703 0. 0. 0.
 1 402 0 T F 5.51473904 15.9112892 5.80123186 0.5 0.5 0. 2650.61353 0. 72476.6406 273.608734 300. 24.5448494 0. 0. 0.
 1 403 0 T F 5.51573896 15.9122896 5.85029364 0.5 0.5 0. 2675.14429 0. 72254.6484 273.368744 300. 24.5307808 0. 0. 0.
 1 404 0 T F 5.51673889 15.91329 5.89932394 0.5 0.5 0. 2699.65967 0. 72033.2813 273.128906 300. 24.5152645 0. 0. 0.
 1 405 0 T F 5.51773882 15.9142904 5.94832039 0.5 0.5 0. 2724.15796 0. 71812.5547 272.889221 300. 24.4982986 0. 0. 0.
 1 406 0 T F 5.51873875 15.9152908 5.99728012 0.5 0.5 0. 2748.63794 0. 71592.4688 272.649719 300. 24.4798832 0. 0. 0.
 1 407 0 T F 5.51973867 15.9162912 6.04620028 0.5 0.5 0. 2773.0979 0. 71373.0469 272.410431 300. 24.4600182 0. 0. 0.
 1 408 0 T F 5.5207386 15.9172916 6.09507751 0.5 0.5 0. 2797.53662 0. 71154.2969 272.171326 300. 24.4387016 0. 0. 0.
 1 409 0 T F 5.52173853 15.918292 6.14390945 0.5 0.5 0. 2821.95264 0. 70936.2266 271.932465 300. 24.4159336 0. 0. 0.
 1 410 0 T F 5.52273846 15.9192924 6.19269276 0.5 0.5 0. 2846.34424 0. 70718.8516 271.693817 300. 24.3917141 0. 0. 0.
 1 411 0 T F 5.52373838 15.9202929 6.24142504 0.5 0.5 0. 2870.71021 0. 70502.1797 271.455444 300. 24.3660431 0. 0. 0.
 1 412 0 T F 5.52473831 15.9212933 6.29010296 0.5 0.5 0. 2895.04907 0. 70286.2188 271.217316 300. 24.3389206 0. 0. 0.
 1 413 0 T F 5.52573824 15.9222937 6.33872366 0.5 0.5 0. 2919.35938 0. 70070.9844 270.979492 300. 24.3103447 0. 0. 0.
 1 414 0 T F 5.52673817 15.9232941 6.38728428 0.5 0.5 0. 2943.63965 0. 69856.4922 270.741943 300. 24.2803173 0. 0. 0.
 1 415 0 T F 5.52773809 15.9242945 6.43578196 0.5 0.5 0. 2967.88843 0. 69642.7422 270.5047 300. 24.2488384 0. 0. 0.
 1 416 0 T F 5.52873802 15.9252949 6.48421383 0.5 0.5 0. 2992.10425 0. 69429.75 270.267792 300. 24.2159081 0. 0. 0.
 1 417 0 T F 5.52973795 15.9262953 6.53257704 0.5 0.5 0. 3016.28589 0. 69217.5234 270.031219 300. 24.1815262 0. 0. 0.
 1 418 0 T F 5.53073788 15.9272957 6.58086824 0.5 0.5 0. 3040.43164 0. 69006.0703 269.794983 300. 24.1456928 0. 0. 0.
 1 419 0 T F 5.5317378 15.9282961 6.62908506 0.5 0.5 0. 3064.54004 0. 68795.4141 269.559113 300. 24.108408 0. 0. 0.
 1 420 0 T F 5.53273773 15.9292965 6.67722464 0.5 0.5 0. 3088.60962 0. 68585.5469 269.323639 300. 24.0696735 0. 0. 0.
 1 421 0 T F 5.53373766 15.9302969 6.72528362 0.5 0.5 0. 3112.63916 0. 68376.4922 269.088531 300. 24.0294895 0. 0. 0.
 1 422 0 T F 5.53473759 15.9312973 6.77325916 0.5 0.5 0. 3136.62695 0. 68168.25 268.853882 300. 23.9878578 0. 0. 0.
 1 423 0 T F 5.53573751 15.9322977 6.82114887 0.5 0.5 0. 3160.57178 0. 67960.8359 268.619598 300. 23.9447784 0. 0. 0.
 1 424 0 T F 5.53673744 15.9332981 6.86894941 0.5 0.5 0. 3184.47192 0. 67754.2578 268.385773 300. 23.9002514 0. 0. 0.
 1 425 0 T F 5.53773737 15.9342985 6.91665792 0.5 0.5 0. 3208.32617 0. 67548.5234 268.152405 300. 23.8542786 0. 0. 0.
 1 426 0 T F 5.5387373 15.9352989 6.96427155 0.5 0.5 0. 3232.13306 0. 67343.6406 267.919495 300. 23.8068619 0. 0. 0.
 1 427 0 T F 5.53973722 15.9362993 7.01178741 0.5 0.5 0. 3255.89111 0. 67139.625 267.687073 300. 23.7580013 0. 0. 0.
 1 428 0 T F 5.54073715 15.9372997 7.05920267 0.5 0.5 0. 3279.59888 0. 66936.4766 267.455139 300. 23.7076988 0. 0. 0.
 1 429 0 T F 5.54173708 15.9383001 7.10651445 0.5 0.5 0. 3303.25488 0. 66734.2109 267.223694 300. 23.6559563 0. 0. 0.
 1 430 0 T F 5.54273701 15.9393005 7.1537199 0.5 0.5 0. 3326.85767 0. 66532.8359 266.992767 300. 23.6027737 0. 0. 0.
 1 431 0 T F 5.54373693 15.9403009 7.20081615 0.5 0.5 0. 3350.40576 0. 66332.3672 266.76239 300. 23.5481529 0. 0. 0.
 1 432 0 T F 5.54473686 15.9413013 7.24780035 0.5 0.5 0. 3373.89795 0. 66132.8047 266.532562 300. 23.4920979 0. 0. 0.
 1 433 0 T F 5.54573679 15.9423018 7.29466963 0.5 0.5 0. 3397.33252 0. 65934.1563 266.303314 300. 23.4346085 0. 0. 0.
 1 434 0 T F 5.54673672 15.9433022 7.34142113 0.5 0.5 0. 3420.70825 0. 65736.4297 266.074615 300. 23.3756866 0. 0. 0.
 1 435 0 T F 5.54773664 15.9443026 7.38805199 0.5 0.5 0. 3444.02368 0. 65539.6406 265.846527 300. 23.3153343 0. 0. 0.
 1 436 0 T F 5.54873657 15.945303 7.43455887 0.5 0.5 0. 3467.27734 0. 65343.7891 265.619019 300. 23.2535553 0. 0. 0.
 1 437 0 T F 5.5497365 15.9463034 7.48093939 0.5 0.5 0. 3490.46777 0. 65148.8867 265.392151 300. 23.1903496 0. 0. 0.
 1 438 0 T F 5.55073643 15.9473038 7.52719069 0.5 0.5 0. 3513.59351 0. 64954.9414 265.165924 300. 23.125721 0. 0. 0.
 1 439 0 T F 5.55173635 15.9483042 7.5733099 0.5 0.5 0. 3536.65308 0. 64761.9609 264.940308 300. 23.0596714 0. 0. 0.
 1 440 0 T F 5.55273628 15.9493046 7.61929417 0.5 0.5 0. 3559.64526 0. 64569.9531 264.715393 300. 22.9922009 0. 0. 0.
 1 441 0 T F 5.55373621 15.950305 7.66514063 0.5 0.5 0. 3582.5686 0. 64378.9297 264.491119 300. 22.923315 0. 0. 0.
 1 442 0 T F 5.55473614 15.9513054 7.7108469 0.5 0.5 0. 3605.42163 0. 64188.8906 264.267548 300. 22.8530159 0. 0. 0.
 1 443 0 T F 5.55573606 15.9523058 7.75640965 0.5 0.5 0. 3628.20288 0. 63999.8516 264.044678 300. 22.7813053 0. 0. 0.
 1 444 0 T F 5.55673599 15.9533062 7.801826 0.5 0.5 0. 3650.91113 0. 63811.8125 263.82254 300. 22.7081871 0. 0. 0.
 1 445 0 T F 5.55773592 15.9543066 7.84709311 0.5 0.5 0. 3673.54468 0. 63624.7852 263.601105 300. 22.6336651 0. 0. 0.
 1 446 0 T F 5.55873585 15.955307 7.89220858 0.5 0.5 0. 3696.10254 0. 63438.7734 263.380432 300. 22.5577412 0. 0. 0.
 1 447 0 T F 5.55973577 15.9563074 7.93716955 0.5 0.5 0. 3718.58301 0. 63253.7891 263.160492 300. 22.4804192 0. 0. 0.
 1 448 0 T F 5.5607357 15.9573078 7.98197317 0.5 0.5 0. 3740.98462 0. 63069.8359 262.941345 300. 22.401701 0. 0. 0.
 1 449 0 T F 5.56173563 15.9583082 8.0266161 0.5 0.5 0. 3763.30615 0. 62886.9219 262.722992 300. 22.3215904 0. 0. 0.
 1 450 0 T F 5.56273556 15.9593086 8.07109642 0.5 0.5 0. 3785.54614 0. 62705.0508 262.505432 300. 22.2400932 0. 0. 0.
 1 451 0 T F 5.56373549 15.960309 8.1154108 0.5 0.5 0. 3807.70337 0. 62524.2344 262.288666 300. 22.1572113 0. 0. 0.
 1 452 0 T F 5.56473541 15.9613094 8.15955639 0.5 0.5 0. 3829.77637 0. 62344.4766 262.072723 300. 22.0729485 0. 0. 0.
 1 453 0 T F 5.56573534 15.9623098 8.20353127 0.5 0.5 0. 3851.76367 0. 62165.7813 261.857635 300. 21.9873066 0. 0. 0.
 1 454 0 T F 5.56673527 15.9633102 8.24733162 0.5 0.5 0. 3873.66406 0. 61988.1563 261.643372 300. 21.9002914 0. 0. 0.
 1 455 0 T F 5.5677352 15.9643106 8.29095554 0.5 0.5 0. 3895.47607 0. 61811.6133 261.430023 300. 21.8119068 0. 0. 0.
 1 456 0 T F 5.56873512 15.9653111 8.33440018 0.5 0.5 0. 3917.19824 0. 61636.1523 261.217499 300. 21.7221584 0. 0. 0.
 1 457 0 T F 5.56973505 15.9663115 8.37766266 0.5 0.5 0. 3938.82935 0. 61461.7813 261.00589 300. 21.6310482 0. 0. 0.
 1 458 0 T F 5.57073498 15.9673119 8.42074013 0.5 0.5 0. 3960.36792 0. 61288.5039 260.795197 300. 21.5385799 0. 0. 0.
 1 459 0 T F 5.57173491 15.9683123 8.46362972 0.5 0.5 0. 3981.81274 0. 61116.332 260.585388 300. 21.4447594 0. 0. 0.
 1 460 0 T F 5.57273483 15.9693127 8.50632858 0.5 0.5 0. 4003.16235 0. 60945.2695 260.376556 300. 21.3495903 0. 0. 0.
 1 461 0 T F 5.57373476 15.9703131 8.5488348 0.5 0.5 0. 4024.41553 0. 60775.3164 260.16864 300. 21.2530785 0. 0. 0.
 1 462 0 T F 5.57473469 15.9713135 8.59114552 0.5 0.5 0. 4045.5708 0. 60606.4883 259.9617 300. 21.1552277 0. 0. 0.
 1 463 0 T F 5.57573462 15.9723139 8.63325787 0.5 0.5 0. 4066.62695 0. 60438.7813 259.755737 300. 21.0560436 0. 0. 0.
 1 464 0 T F 5.57673454 15.9733143 8.67516899 0.5 0.5 0. 4087.58252 0. 60272.2031 259.55072 300. 20.9555302 0. 0. 0.
 1 465 0 T F 5.57773447 15.9743147 8.71687603 0.5 0.5 0. 4108.43604 0. 60106.7617 259.34671 300. 20.853693 0. 0. 0.
 1 466 0 T F 5.5787344 15.9753151 8.75837708 0.5 0.5 0. 4129.18652 0. 59942.4609 259.143738 300. 20.750536 0. 0. 0.
 1 467 0 T F 5.57973433 15.9763155 8.79966927 0.5 0.5 0. 4149.83252 0. 59779.3086 258.941772 300. 20.6460648 0. 0. 0.
 1 468 0 T F 5.58073425 15.9773159 8.84074974 0.5 0.5 0. 4170.37305 0. 59617.3086 258.740845 300. 20.5402851 0. 0. 0.
 1 469 0 T F 5.58173418 15.9783163 8.88161659 0.5 0.5 0. 4190.80615 0. 59456.4648 258.540955 300. 20.4332027 0. 0. 0.
 1 470 0 T F 5.58273411 15.9793167 8.92226601 0.5 0.5 0. 4211.13086 0. 59296.7813 258.342133 300. 20.3248234 0. 0. 0.
 1 471 0 T F 5.58373404 15.9803171 8.96269608 0.5 0.5 0. 4231.34619 0. 59138.2656 258.144409 300. 20.2151508 0. 0. 0.
 1 472 0 T F 5.58473396 15.9813175 9.00290489 0.5 0.5 0. 4251.4502 0. 58980.9219 257.947723 300. 20.1041927 0. 0. 0.
 1 473 0 T F 5.58573389 15.9823179 9.04288864 0.5 0.5 0. 4271.44238 0. 58824.75 257.752197 300. 19.9919529 0. 0. 0.
 1 474 0 T F 5.58673382 15.9833183 9.08264542 0.5 0.5 0. 4291.3208 0. 58669.7617 257.557739 300. 19.8784409 0. 0. 0.
 1 475 0 T F 5.58773375 15.9843187 9.12217236 0.5 0.5 0. 4311.08447 0. 58515.957 257.36441 300. 19.7636604 0. 0. 0.
 1 476 0 T F 5.58873367 15.9853191 9.16146755 0.5 0.5 0. 4330.73193 0. 58363.3398 257.172211 300. 19.6476173 0. 0. 0.
 1 477 0 T F 5.5897336 15.9863195 9.20052814 0.5 0.5 0. 4350.26221 0. 58211.918 256.981171 300. 19.5303173 0. 0. 0.
 1 478 0 T F 5.59073353 15.9873199 9.23935127 0.5 0.5 0. 4369.67383 0. 58061.6953 256.79129 300. 19.411768 0. 0. 0.
 1 479 0 T F 5.59173346 15.9883204 9.27793503 0.5 0.5 0. 4388.96582 0. 57912.6719 256.6026 300. 19.291975 0. 0. 0.
 1 480 0 T F 5.59273338 15.9893208 9.31627655 0.5 0.5 0. 4408.13672 0. 57764.8555 256.415039 300. 19.1709442 0. 0. 0.
 1 481 0 T F 5.59373331 15.9903212 9.35437393 0.5 0.5 0. 4427.18555 0. 57618.25 256.228729 300. 19.0486832 0. 0. 0.
 1 482 0 T F 5.59473324 15.9913216 9.39222431 0.5 0.5 0. 4446.11084 0. 57472.8594 256.04361 300. 18.9251976 0. 0. 0.
 1 483 0 T F 5.59573317 15.992322 9.42982483 0.5 0.5 0. 4464.91113 0. 57328.6875 255.859711 300. 18.8004951 0. 0. 0.
 1 484 0 T F 5.59673309 15.9933224 9.46717358 0.5 0.5 0. 4483.58594 0. 57185.7383 255.677048 300. 18.6745834 0. 0. 0.
 1 485 0 T F 5.59773302 15.9943228 9.50426865 0.5 0.5 0. 4502.1333 0. 57044.0156 255.495636 300. 18.5474682 0. 0. 0.
 1 486 0 T F 5.59873295 15.9953232 9.54110718 0.5 0.5 0. 4520.55225 0. 56903.5195 255.315475 300. 18.419157 0. 0. 0.
 1 487 0 T F 5.59973288 15.9963236 9.57768631 0.5 0.5 0. 4538.8418 0. 56764.2578 255.136581 300. 18.2896576 0. 0. 0.
 1 488 0 T F 5.6007328 15.997324 9.61400414 0.5 0.5 0. 4557.00098 0. 56626.2305 254.958954 300. 18.1589775 0. 0. 0.
 1 489 0 T F 5.60173273 15.9983244 9.65005875 0.5 0.5 0. 4575.02832 0. 56489.4453 254.782623 300. 18.0271225 0. 0. 0.
 1 490 0 T F 5.60273266 15.9993248 9.68584728 0.5 0.5 0. 4592.92236 0. 56353.9063 254.607605 300. 17.8941002 0. 0. 0.
 1 491 0 T F 5.60373259 16.0003242 9.72136688 0.5 0.5 0. 4610.68213 0. 56219.6133 254.433899 300. 17.7599201 0. 0. 0.
 1 492 0 T F 5.60473251 16.0013237 9.75661564 0.5 0.5 0. 4628.30664 0. 56086.5703 254.261505 300. 17.624588 0. 0. 0.
 1 493 0 T F 5.60573244 16.0023232 9.79159164 0.5 0.5 0. 4645.79492 0. 55954.7773 254.090454 300. 17.4881134 0. 0. 0.
 1 494 0 T F 5.60673237 16.0033226 9.82629299 0.5 0.5 0. 4663.14551 0. 55824.2422 253.920761 300. 17.3505039 0. 0. 0.
 1 495 0 T F 5.6077323 16.0043221 9.86071682 0.5 0.5 0. 4680.35742 0. 55694.9648 253.752411 300. 17.2117672 0. 0. 0.
 1 496 0 T F 5.60873222 16.0053215 9.89486027 0.5 0.5 0. 4697.4292 0. 55566.9531 253.585434 300. 17.0719109 0. 0. 0.
 1 497 0 T F 5.60973215 16.006321 9.92872238 0.5 0.5 0. 4714.36035 0. 55440.207 253.41983 300. 16.9309425 0. 0. 0.
 1 498 0 T F 5.61073208 16.0073204 9.9623003 0.5 0.5 0. 4731.14941 0. 55314.7305 253.255646 300. 16.7888718 0. 0. 0.
 1 499 0 T F 5.61173201 16.0083199 9.99559212 0.5 0.5 0. 4747.79492 0. 55190.5234 253.092834 300. 16.6457062 0. 0. 0.
 1 500 0 T F 5.61273193 16.0093193 10.028595 0.5 0.5 0. 4764.29639 0. 55067.5898 252.931427 300. 16.5014534 0. 0. 0.
 1 501 0 T F 5.61373186 16.0103188 10.061307 0.5 0.5 0. 4780.65234 0. 54945.9336 252.771469 300. 16.356123 0. 0. 0.
 1 502 0 T F 5.61473179 16.0113182 10.0937262 0.5 0.5 0. 4796.8623 0. 54825.5547 252.61293 300. 16.2097244 0. 0. 0.
 1 503 0 T F 5.61573172 16.0123177 10.1258507 0.5 0.5 0. 4812.9248 0. 54706.457 252.455826 300. 16.0622654 0. 0. 0.
 1 504 0 T F 5.61673164 16.0133171 10.1576786 0.5 0.5 0. 4828.83838 0. 54588.6445 252.300201 300. 15.9137545 0. 0. 0.
 1 505 0 T F 5.61773157 16.0143166 10.1892071 0.5 0.5 0. 4844.60254 0. 54472.1172 252.146011 300. 15.7642012 0. 0. 0.
 1 506 0 T F 5.6187315 16.015316 10.2204342 0.5 0.5 0. 4860.21631 0. 54356.8828 251.993301 300. 15.6136141 0. 0. 0.
 1 507 0 T F 5.61973143 16.0163155 10.251358 0.5 0.5 0. 4875.67822 0. 54242.9375 251.842087 300. 15.4620028 0. 0. 0.
 1 508 0 T F 5.62073135 16.0173149 10.2819767 0.5 0.5 0. 4890.98779 0. 54130.2852 251.692383 300. 15.3093758 0. 0. 0.
 1 509 0 T F 5.62173128 16.0183144 10.3122883 0.5 0.5 0. 4906.14355 0. 54018.9297 251.544144 300. 15.1557436 0. 0. 0.
 1 510 0 T F 5.62273121 16.0193138 10.3422909 0.5 0.5 0. 4921.14453 0. 53908.8711 251.397446 300. 15.0011139 0. 0. 0.
 1 511 0 T F 5.62373114 16.0203133 10.3719816 0.5 0.5 0. 4935.99023 0. 53800.1133 251.252243 300. 14.8454971 0. 0. 0.
 1 512 0 T F 5.62473106 16.0213127 10.4013596 0.5 0.5 0. 4950.6792 0. 53692.6602 251.108582 300. 14.6889019 0. 0. 0.
 1 513 0 T F 5.62573099 16.0223122 10.4304218 0.5 0.5 0. 4965.21045 0. 53586.5078 250.966476 300. 14.5313396 0. 0. 0.
 1 514 0 T F 5.62673092 16.0233116 10.4591675 0.5 0.5 0. 4979.5835 0. 53481.6641 250.825912 300. 14.3728189 0. 0. 0.
 1 515 0 T F 5.62773085 16.0243111 10.4875946 0.5 0.5 0. 4993.79688 0. 53378.1289 250.68692 300. 14.2133493 0. 0. 0.
 1 516 0 T F 5.62873077 16.0253105 10.5157003 0.5 0.5 0. 5007.84961 0. 53275.9023 250.549484 300. 14.0529404 0. 0. 0.
 1 517 0 T F 5.6297307 16.02631 10.5434837 0.5 0.5 0. 5021.74121 0. 53174.9883 250.413651 300. 13.8916025 0. 0. 0.
 1 518 0 T F 5.63073063 16.0273094 10.5709429 0.5 0.5 0. 5035.4707 0. 53075.3867 250.279373 300. 13.7293463 0. 0. 0.
 1 519 0 T F 5.63173056 16.0283089 10.5980749 0.5 0.5 0. 5049.03711 0. 52977.1016 250.146713 300. 13.5661812 0. 0. 0.
 1 520 0 T F 5.63273048 16.0293083 10.6248789 0.5 0.5 0. 5062.43945 0. 52880.1328 250.015656 300. 13.4021187 0. 0. 0.
 1 521 0 T F 5.63373041 16.0303078 10.6513529 0.5 0.5 0. 5075.67676 0. 52784.4805 249.8862 300. 13.2371674 0. 0. 0.
 1 522 0 T F 5.63473034 16.0313072 10.677496 0.5 0.5 0. 5088.74805 0. 52690.1523 249.758377 300. 13.0713377 0. 0. 0.
 1 523 0 T F 5.63573027 16.0323067 10.7033052 0.5 0.5 0. 5101.65283 0. 52597.1445 249.632187 300. 12.9046412 0. 0. 0.
 1 524 0 T F 5.63673019 16.0333061 10.7287798 0.5 0.5 0. 5114.39014 0. 52505.4609 249.507629 300. 12.7370882 0. 0. 0.
 1 525 0 T F 5.63773012 16.0343056 10.7539167 0.5 0.5 0. 5126.95898 0. 52415.1016 249.384735 300. 12.5686884 0. 0. 0.
 1 526 0 T F 5.63873005 16.035305 10.7787161 0.5 0.5 0. 5139.3584 0. 52326.0703 249.263474 300. 12.3994532 0. 0. 0.
 1 527 0 T F 5.63972998 16.0363045 10.803175 0.5 0.5 0. 5151.58789 0. 52238.3633 249.14389 300. 12.229393 0. 0. 0.
 1 528 0 T F 5.6407299 16.0373039 10.8272924 0.5 0.5 0. 5163.64648 0. 52151.9883 249.02597 300. 12.0585194 0. 0. 0.
 1 529 0 T F 5.64172983 16.0383034 10.8510666 0.5 0.5 0. 5175.5332 0. 52066.9414 248.909744 300. 11.8868427 0. 0. 0.
 1 530 0 T F 5.64272976 16.0393028 10.8744955 0.5 0.5 0. 5187.24756 0. 51983.2266 248.795197 300. 11.7143736 0. 0. 0.
 1 531 0 T F 5.64372969 16.0403023 10.8975773 0.5 0.5 0. 5198.78857 0. 51900.8438 248.682343 300. 11.5411234 0. 0. 0.
 1 532 0 T F 5.64472961 16.0413017 10.9203119 0.5 0.5 0. 5210.15576 0. 51819.7969 248.571198 300. 11.3671036 0. 0. 0.
 1 533 0 T F 5.64572954 16.0423012 10.9426966 0.5 0.5 0. 5221.34814 0. 51740.082 248.461746 300. 11.1923256 0. 0. 0.
 1 534 0 T F 5.64672947 16.0433006 10.9647303 0.5 0.5 0. 5232.36475 0. 51661.707 248.354034 300. 11.016799 0. 0. 0.
 1 535 0 T F 5.6477294 16.0443001 10.9864111 0.5 0.5 0. 5243.20508 0. 51584.668 248.248032 300. 10.8405371 0. 0. 0.
 1 536 0 T F 5.64872932 16.0452995 11.0077381 0.5 0.5 0. 5253.86865 0. 51508.9648 248.143768 300. 10.6635504 0. 0. 0.
 1 537 0 T F 5.64972925 16.046299 11.0287094 0.5 0.5 0. 5264.35449 0. 51434.6016 248.041229 300. 10.4858503 0. 0. 0.
 1 538 0 T F 5.65072918 16.0472984 11.049324 0.5 0.5 0. 5274.66211 0. 51361.582 247.940445 300. 10.3074474 0. 0. 0.
 1 539 0 T F 5.65172911 16.0482979 11.069581 0.5 0.5 0. 5284.79053 0. 51289.9023 247.8414 300. 10.128355 0. 0. 0.
 1 540 0 T F 5.65272903 16.0492973 11.0894785 0.5 0.5 0. 5294.73926 0. 51219.5625 247.744125 300. 9.9485836 0. 0. 0.
 1 541 0 T F 5.65372896 16.0502968 11.1090145 0.5 0.5 0. 5304.50732 0. 51150.5703 247.648651 300. 9.76814556 0. 0. 0.
 1 542 0 T F 5.65472889 16.0512962 11.1281891 0.5 0.5 0. 5314.09424 0. 51082.9219 247.554916 300. 9.5870533 0. 0. 0.
 1 543 0 T F 5.65572882 16.0522957 11.1469994 0.5 0.5 0. 5323.49951 0. 51016.6172 247.462952 300. 9.40531826 0. 0. 0.
 1 544 0 T F 5.65672874 16.0532951 11.1654453 0.5 0.5 0. 5332.72266 0. 50951.6602 247.372772 300. 9.22295189 0. 0. 0.
 1 545 0 T F 5.65772867 16.0542946 11.1835251 0.5 0.5 0. 5341.7627 0. 50888.0469 247.284378 300. 9.03996563 0. 0. 0.
 1 546 0 T F 5.6587286 16.055294 11.2012377 0.5 0.5 0. 5350.61914 0. 50825.7813 247.1978 300. 8.85637188 0. 0. 0.
 1 547 0 T F 5.65972853 16.0562935 11.2185822 0.5 0.5 0. 5359.2915 0. 50764.8633 247.113007 300. 8.67218304 0. 0. 0.
 1 548 0 T F 5.66072845 16.0572929 11.2355566 0.5 0.5 0. 5367.77881 0. 50705.2969 247.030014 300. 8.48741055 0. 0. 0.
 1 549 0 T F 5.66172838 16.0582924 11.252161 0.5 0.5 0. 5376.08105 0. 50647.0781 246.948853 300. 8.30206776 0. 0. 0.
 1 550 0 T F 5.66272831 16.0592918 11.2683935 0.5 0.5 0. 5384.19727 0. 50590.2109 246.869522 300. 8.11616611 0. 0. 0.
 1 551 0 T F 5.66372824 16.0602913 11.2842531 0.5 0.5 0. 5392.12695 0. 50534.6953 246.791977 300. 7.92971849 0. 0. 0.
 1 552 0 T F 5.66472816 16.0612907 11.2997389 0.5 0.5 0. 5399.86963 0. 50480.5313 246.716293 300. 7.74273682 0. 0. 0.
 1 553 0 T F 5.66572809 16.0622902 11.3148489 0.5 0.5 0. 5407.4248 0. 50427.7188 246.642426 300. 7.55523348 0. 0. 0.
 1 554 0 T F 5.66672802 16.0632896 11.3295832 0.5 0.5 0. 5414.79199 0. 50376.2578 246.570404 300. 7.36722088 0. 0. 0.
 1 555 0 T F 5.66772795 16.0642891 11.3439407 0.5 0.5 0. 5421.9707 0. 50326.1523 246.500229 300. 7.17871141 0. 0. 0.
 1 556 0 T F 5.66872787 16.0652885 11.3579206 0.5 0.5 0. 5428.96045 0. 50277.3984 246.431885 300. 6.98971844 0. 0. 0.
 1 557 0 T F 5.6697278 16.066288 11.371521 0.5 0.5 0. 5435.76074 0. 50230. 246.365402 300. 6.80025339 0. 0. 0.
 1 558 0 T F 5.67072773 16.0672874 11.3847418 0.5 0.5 0. 5442.37109 0. 50183.957 246.300797 300. 6.61032963 0. 0. 0.
 1 559 0 T F 5.67172766 16.0682869 11.3975821 0.5 0.5 0. 5448.79102 0. 50139.2695 246.238022 300. 6.41996002 0. 0. 0.
 1 560 0 T F 5.67272758 16.0692863 11.4100399 0.5 0.5 0. 5455.02002 0. 50095.9375 246.177124 300. 6.22915649 0. 0. 0.
 1 561 0 T F 5.67372751 16.0702858 11.4221153 0.5 0.5 0. 5461.05811 0. 50053.9609 246.118103 300. 6.0379324 0. 0. 0.
 1 562 0 T F 5.67472744 16.0712852 11.4338083 0.5 0.5 0. 5466.9043 0. 50013.3398 246.060959 300. 5.8463006 0. 0. 0.
 1 563 0 T F 5.67572737 16.0722847 11.445117 0.5 0.5 0. 5472.55859 0. 49974.0781 246.005692 300. 5.65427351 0. 0. 0.
 1 564 0 T F 5.67672729 16.0732841 11.4560404 0.5 0.5 0. 5478.02051 0. 49936.1719 245.952286 300. 5.46186399 0. 0. 0.
 1 565 0 T F 5.67772722 16.0742836 11.4665785 0.5 0.5 0. 5483.28955 0. 49899.625 245.900787 300. 5.26908541 0. 0. 0.
 1 566 0 T F 5.67872715 16.0752831 11.4767303 0.5 0.5 0. 5488.36572 0. 49864.4336 245.851166 300. 5.07595062 0. 0. 0.
 1 567 0 T F 5.67972708 16.0762825 11.486495 0.5 0.5 0. 5493.24805 0. 49830.6016 245.803452 300. 4.88247204 0. 0. 0.
 1 568 0 T F 5.68072701 16.077282 11.4958725 0.5 0.5 0. 5497.93652 0. 49798.1289 245.757614 300. 4.68866348 0. 0. 0.
 1 569 0 T F 5.68172693 16.0782814 11.5048618 0.5 0.5 0. 5502.43115 0. 49767.0156 245.713684 300. 4.49453735 0. 0. 0.
 1 570 0 T F 5.68272686 16.0792809 11.5134621 0.5 0.5 0. 5506.73145 0. 49737.2617 245.671646 300. 4.30010748 0. 0. 0.
 1 571 0 T F 5.68372679 16.0802803 11.5216732 0.5 0.5 0. 5510.83691 0. 49708.8672 245.631516 300. 4.10538578 0. 0. 0.
 1 572 0 T F 5.68472672 16.0812798 11.5294943 0.5 0.5 0. 5514.74707 0. 49681.832 245.593292 300. 3.91038656 0. 0. 0.
 1 573 0 T F 5.68572664 16.0822792 11.5369244 0.5 0.5 0. 5518.4624 0. 49656.1563 245.556992 300. 3.71512222 0. 0. 0.
 1 574 0 T F 5.68672657 16.0832787 11.5439634 0.5 0.5 0. 5521.98193 0. 49631.8438 245.522583 300. 3.51960659 0. 0. 0.
 1 575 0 T F 5.6877265 16.0842781 11.5506115 0.5 0.5 0. 5525.30566 0. 49608.8906 245.490097 300. 3.3238523 0. 0. 0.
 1 576 0 T F 5.68872643 16.0852776 11.5568676 0.5 0.5 0. 5528.43359 0. 49587.2969 245.459534 300. 3.12787294 0. 0. 0.
 1 577 0 T F 5.68972635 16.086277 11.5627308 0.5 0.5 0. 5531.36523 0. 49567.0625 245.430862 300. 2.93168163 0. 0. 0.
 1 578 0 T F 5.69072628 16.0872765 11.5682011 0.5 0.5 0. 5534.10059 0. 49548.1914 245.404129 300. 2.73529124 0. 0. 0.
 1 579 0 T F 5.69172621 16.0882759 11.5732784 0.5 0.5 0. 5536.63916 0. 49530.6797 245.379318 300. 2.53871536 0. 0. 0.
 1 580 0 T F 5.69272614 16.0892754 11.5779619 0.5 0.5 0. 5538.98096 0. 49514.5313 245.35643 300. 2.34196758 0. 0. 0.
 1 581 0 T F 5.69372606 16.0902748 11.5822525 0.5 0.5 0. 5541.12598 0. 49499.7422 245.335464 300. 2.14506102 0. 0. 0.
 1 582 0 T F 5.69472599 16.0912743 11.5861483 0.5 0.5 0. 5543.07422 0. 49486.3164 245.316422 300. 1.94800901 0. 0. 0.
 1 583 0 T F 5.69572592 16.0922737 11.5896502 0.5 0.5 0. 5544.8252 0. 49474.25 245.299316 300. 1.75082481 0. 0. 0.
 1 584 0 T F 5.69672585 16.0932732 11.5927572 0.5 0.5 0. 5546.37891 0. 49463.5469 245.284134 300. 1.55352211 0. 0. 0.
 1 585 0 T F 5.69772577 16.0942726 11.5954695 0.5 0.5 0. 5547.73486 0. 49454.2031 245.270889 300. 1.35611379 0. 0. 0.
 1 586 0 T F 5.6987257 16.0952721 11.5977869 0.5 0.5 0. 5548.89355 0. 49446.2227 245.259567 300. 1.1586138 0. 0. 0.
 1 587 0 T F 5.69972563 16.0962715 11.5997086 0.5 0.5 0. 5549.85449 0. 49439.6016 245.250153 300. 0.961035371 0. 0. 0.
 1 588 0 T F 5.70072556 16.097271 11.6012354 0.5 0.5 0. 5550.61768 0. 49434.3438 245.242706 300. 0.763391197 0. 0. 0.
 1 589 0 T F 5.70172548 16.0982704 11.6023664 0.5 0.5 0. 5551.18359 0. 49430.4492 245.237183 300. 0.565695465 0. 0. 0.
 1 590 0 T F 5.70272541 16.0992699 11.6031027 0.5 0.5 0. 5551.55176 0. 49427.9141 245.233582 300. 0.367961466 0. 0. 0.
 1 591 0 T F 5.70372534 16.1002693 11.6034431 0.5 0.5 0. 5551.72217 0. 49426.7422 245.231918 300. 0.170202479 0. 0. 0.
 1 592 0 T F 5.70472527 16.1012688 11.6033878 0.5 0.5 0. 5551.69482 0. 49426.9297 245.232193 300. -2.756790817E-2 0. 0. 0.
 1 593 0 T F 5.70572519 16.1022682 11.6029367 0.5 0.5 0. 5551.46973 0. 49428.4805 245.23439 300. -0.225336671 0. 0. 0.
 1 594 0 T F 5.70672512 16.1032677 11.6020908 0.5 0.5 0. 5551.04688 0. 49431.3906 245.238525 300. -0.423089981 0. 0. 0.
 1 595 0 T F 5.70772505 16.1042671 11.6008492 0.5 0.5 0. 5550.42627 0. 49435.6641 245.244583 300. -0.620814502 0. 0. 0.
 1 596 0 T F 5.70872498 16.1052666 11.5992117 0.5 0.5 0. 5549.60791 0. 49441.2969 245.252579 300. -0.818497241 0. 0. 0.
 1 597 0 T F 5.7097249 16.106266 11.5971794 0.5 0.5 0. 5548.5918 0. 49448.293 245.262497 300. -1.01612461 0. 0. 0.
 1 598 0 T F 5.71072483 16.1072655 11.5947523 0.5 0.5 0. 5547.37793 0. 49456.6523 245.274353 300. -1.21368337 0. 0. 0.
 1 599 0 T F 5.71172476 16.1082649 11.5919304 0.5 0.5 0. 5545.9668 0. 49466.375 245.288162 300. -1.41115963 0. 0. 0.
 1 600 0 T F 5.71272469 16.1092644 11.5887136 0.5 0.5 0. 5544.3584 0. 49477.457 245.303864 300. -1.60854006 0. 0. 0.
 1 601 0 T F 5.71372461 16.1102638 11.5851021 0.5 0.5 0. 5542.55273 0. 49489.9023 245.321518 300. -1.80581176 0. 0. 0.
 1 602 0 T F 5.71472454 16.1112633 11.5810957 0.5 0.5 0. 5540.5498 0. 49503.707 245.34108 300. -2.00296092 0. 0. 0.
 1 603 0 T F 5.71572447 16.1122627 11.5766954 0.5 0.5 0. 5538.34961 0. 49518.875 245.362595 300. -2.1999743 0. 0. 0.
 1 604 0 T F 5.7167244 16.1132622 11.5719013 0.5 0.5 0. 5535.95264 0. 49535.4023 245.386002 300. -2.39683867 0. 0. 0.
 1 605 0 T F 5.71772432 16.1142616 11.5667143 0.5 0.5 0. 5533.35889 0. 49553.2891 245.411362 300. -2.59354067 0. 0. 0.
 1 606 0 T F 5.71872425 16.1152611 11.5611343 0.5 0.5 0. 5530.56885 0. 49572.5352 245.438614 300. -2.79006672 0. 0. 0.
 1 607 0 T F 5.71972418 16.1162605 11.5551615 0.5 0.5 0. 5527.58252 0. 49593.1406 245.467789 300. -2.98640394 0. 0. 0.
 1 608 0 T F 5.72072411 16.11726 11.5487967 0.5 0.5 0. 5524.3999 0. 49615.1094 245.498901 300. -3.18253899 0. 0. 0.
 1 609 0 T F 5.72172403 16.1182594 11.5420399 0.5 0.5 0. 5521.02148 0. 49638.4375 245.531921 300. -3.37845826 0. 0. 0.
 1 610 0 T F 5.72272396 16.1192589 11.5348911 0.5 0.5 0. 5517.44727 0. 49663.125 245.566833 300. -3.57414865 0. 0. 0.
 1 611 0 T F 5.72372389 16.1202583 11.5273523 0.5 0.5 0. 5513.67773 0. 49689.168 245.603653 300. -3.76959729 0. 0. 0.
 1 612 0 T F 5.72472382 16.1212578 11.5194225 0.5 0.5 0. 5509.71289 0. 49716.5703 245.64241 300. -3.96479106 0. 0. 0.
 1 613 0 T F 5.72572374 16.1222572 11.5111027 0.5 0.5 0. 5505.55322 0. 49745.332 245.683044 300. -4.15971613 0. 0. 0.
 1 614 0 T F 5.72672367 16.1232567 11.5023937 0.5 0.5 0. 5501.19873 0. 49775.4492 245.725586 300. -4.35436058 0. 0. 0.
 1 615 0 T F 5.7277236 16.1242561 11.4932966 0.5 0.5 0. 5496.6499 0. 49806.9258 245.77002 300. -4.54871035 0. 0. 0.
 1 616 0 T F 5.72872353 16.1252556 11.4838114 0.5 0.5 0. 5491.90723 0. 49839.7617 245.816376 300. -4.74275255 0. 0. 0.
 1 617 0 T F 5.72972345 16.126255 11.473938 0.5 0.5 0. 5486.9707 0. 49873.9531 245.864594 300. -4.93647385 0. 0. 0.
 1 618 0 T F 5.73072338 16.1272545 11.4636784 0.5 0.5 0. 5481.84082 0. 49909.5 245.914719 300. -5.12986231 0. 0. 0.
 1 619 0 T F 5.73172331 16.1282539 11.4530325 0.5 0.5 0. 5476.51807 0. 49946.4063 245.966705 300. -5.32290363 0. 0. 0.
 1 620 0 T F 5.73272324 16.1292534 11.4420013 0.5 0.5 0. 5471.00244 0. 49984.668 246.020599 300. -5.51558638 0. 0. 0.
 1 621 0 T F 5.73372316 16.1302528 11.4305859 0.5 0.5 0. 5465.29443 0. 50024.2852 246.076355 300. -5.70789623 0. 0. 0.
 1 622 0 T F 5.73472309 16.1312523 11.418786 0.5 0.5 0. 5459.39453 0. 50065.2578 246.134003 300. -5.89982128 0. 0. 0.
 1 623 0 T F 5.73572302 16.1322517 11.4066038 0.5 0.5 0. 5453.30322 0. 50107.5859 246.193512 300. -6.09134817 0. 0. 0.
 1 624 0 T F 5.73672295 16.1332512 11.3940392 0.5 0.5 0. 5447.021 0. 50151.2695 246.254898 300. -6.28246403 0. 0. 0.
 1 625 0 T F 5.73772287 16.1342506 11.381093 0.5 0.5 0. 5440.54785 0. 50196.3047 246.31813 300. -6.47315598 0. 0. 0.
 1 626 0 T F 5.7387228 16.1352501 11.3677664 0.5 0.5 0. 5433.88428 0. 50242.6992 246.383209 300. -6.66341209 0. 0. 0.
 1 627 0 T F 5.73972273 16.1362495 11.3540602 0.5 0.5 0. 5427.03125 0. 50290.4414 246.45018 300. -6.85321951 0. 0. 0.
 1 628 0 T F 5.74072266 16.137249 11.3399754 0.5 0.5 0. 5419.98877 0. 50339.5352 246.518967 300. -7.04256535 0. 0. 0.
 1 629 0 T F 5.74172258 16.1382484 11.3255129 0.5 0.5 0. 5412.75732 0. 50389.9844 246.589615 300. -7.23143721 0. 0. 0.
 1 630 0 T F 5.74272251 16.1392479 11.3106737 0.5 0.5 0. 5405.3374 0. 50441.7813 246.662094 300. -7.41982222 0. 0. 0.
 1 631 0 T F 5.74372244 16.1402473 11.2954578 0.5 0.5 0. 5397.72949 0. 50494.9297 246.736404 300. -7.60770798 0. 0. 0.
 1 632 0 T F 5.74472237 16.1412468 11.2798681 0.5 0.5 0. 5389.93457 0. 50549.4297 246.812561 300. -7.79508257 0. 0. 0.
 1 633 0 T F 5.74572229 16.1422462 11.2639046 0.5 0.5 0. 5381.95264 0. 50605.2773 246.890549 300. -7.98193312 0. 0. 0.
 1 634 0 T F 5.74672222 16.1432457 11.2475681 0.5 0.5 0. 5373.78418 0. 50662.4805 246.970352 300. -8.16824722 0. 0. 0.
 1 635 0 T F 5.74772215 16.1442451 11.2308598 0.5 0.5 0. 5365.43018 0. 50721.0273 247.051941 300. -8.35401249 0. 0. 0.
 1 636 0 T F 5.74872208 16.1452446 11.2137814 0.5 0.5 0. 5356.89111 0. 50780.9219 247.135376 300. -8.539217 0. 0. 0.
 1 637 0 T F 5.749722 16.146244 11.1963339 0.5 0.5 0. 5348.16748 0. 50842.1602 247.220581 300. -8.72384834 0. 0. 0.
 1 638 0 T F 5.75072193 16.1472435 11.1785183 0.5 0.5 0. 5339.25977 0. 50904.7461 247.307587 300. -8.90789509 0. 0. 0.
 1 639 0 T F 5.75172186 16.148243 11.1603355 0.5 0.5 0. 5330.16846 0. 50968.6758 247.396408 300. -9.09134483 0. 0. 0.
 1 640 0 T F 5.75272179 16.1492424 11.1417875 0.5 0.5 0. 5320.89404 0. 51033.9492 247.487 300. -9.27418518 0. 0. 0.
 1 641 0 T F 5.75372171 16.1502419 11.1228743 0.5 0.5 0. 5311.4375 0. 51100.5664 247.579361 300. -9.45640469 0. 0. 0.
 1 642 0 T F 5.75472164 16.1512413 11.1035986 0.5 0.5 0. 5301.79932 0. 51168.5234 247.673492 300. -9.63799095 0. 0. 0.
 1 643 0 T F 5.75572157 16.1522408 11.0839605 0.5 0.5 0. 5291.98047 0. 51237.8281 247.769409 300. -9.81893253 0. 0. 0.
 1 644 0 T F 5.7567215 16.1532402 11.063962 0.5 0.5 0. 5281.98145 0. 51308.4727 247.867081 300. -9.99921799 0. 0. 0.
 1 645 0 T F 5.75772142 16.1542397 11.0436039 0.5 0.5 0. 5271.80273 0. 51380.457 247.966522 300. -10.1788349 0. 0. 0.
 1 646 0 T F 5.75872135 16.1552391 11.0228882 0.5 0.5 0. 5261.44482 0. 51453.7813 248.067688 300. -10.3577719 0. 0. 0.
 1 647 0 T F 5.75972128 16.1562386 11.0018158 0.5 0.5 0. 5250.90869 0. 51528.4414 248.170609 300. -10.5360174 0. 0. 0.
 1 648 0 T F 5.76072121 16.157238 10.9803886 0.5 0.5 0. 5240.19531 0. 51604.4375 248.275238 300. -10.7135601 0. 0. 0.
 1 649 0 T F 5.76172113 16.1582375 10.9586077 0.5 0.5 0. 5229.30469 0. 51681.7695 248.381622 300. -10.8903875 0. 0. 0.
 1 650 0 T F 5.76272106 16.1592369 10.9364748 0.5 0.5 0. 5218.23828 0. 51760.4375 248.489716 300. -11.0664892 0. 0. 0.
 1 651 0 T F 5.76372099 16.1602364 10.913991 0.5 0.5 0. 5206.99658 0. 51840.4375 248.599518 300. -11.2418537 0. 0. 0.
 1 652 0 T F 5.76472092 16.1612358 10.8911581 0.5 0.5 0. 5195.58008 0. 51921.7695 248.711014 300. -11.4164705 0. 0. 0.
 1 653 0 T F 5.76572084 16.1622353 10.8679771 0.5 0.5 0. 5183.98975 0. 52004.4297 248.824219 300. -11.5903273 0. 0. 0.
 1 654 0 T F 5.76672077 16.1632347 10.84445 0.5 0.5 0. 5172.22656 0. 52088.4258 248.939102 300. -11.7634144 0. 0. 0.
 1 655 0 T F 5.7677207 16.1642342 10.8205786 0.5 0.5 0. 5160.29102 0. 52173.75 249.055695 300. -11.9357195 0. 0. 0.
 1 656 0 T F 5.76872063 16.1652336 10.7963638 0.5 0.5 0. 5148.18359 0. 52260.4023 249.173965 300. -12.1072321 0. 0. 0.
 1 657 0 T F 5.76972055 16.1662331 10.7718077 0.5 0.5 0. 5135.90576 0. 52348.375 249.293869 300. -12.2779408 0. 0. 0.
 1 658 0 T F 5.77072048 16.1672325 10.746912 0.5 0.5 0. 5123.45801 0. 52437.6758 249.415436 300. -12.447835 0. 0. 0.
 1 659 0 T F 5.77172041 16.168232 10.7216778 0.5 0.5 0. 5110.84131 0. 52528.2969 249.538666 300. -12.6169043 0. 0. 0.
 1 660 0 T F 5.77272034 16.1692314 10.6961079 0.5 0.5 0. 5098.05615 0. 52620.2383 249.663544 300. -12.7851372 0. 0. 0.
 1 661 0 T F 5.77372026 16.1702309 10.6702032 0.5 0.5 0. 5085.10352 0. 52713.5039 249.790024 300. -12.9525242 0. 0. 0.
 1 662 0 T F 5.77472019 16.1712303 10.6439648 0.5 0.5 0. 5071.98438 0. 52808.0898 249.918167 300. -13.1190548 0. 0. 0.
 1 663 0 T F 5.77572012 16.1722298 10.6173954 0.5 0.5 0. 5058.69971 0. 52903.9922 250.047913 300. -13.2847176 0. 0. 0.
 1 664 0 T F 5.77672005 16.1732292 10.5904961 0.5 0.5 0. 5045.25 0. 53001.2109 250.179276 300. -13.4495029 0. 0. 0.
 1 665 0 T F 5.77771997 16.1742287 10.5632696 0.5 0.5 0. 5031.63672 0. 53099.7383 250.312225 300. -13.6133995 0. 0. 0.
 1 666 0 T F 5.7787199 16.1752281 10.535717 0.5 0.5 0. 5017.86035 0. 53199.582 250.446777 300. -13.7763987 0. 0. 0.
 1 667 0 T F 5.77971983 16.1762276 10.5078402 0.5 0.5 0. 5003.92188 0. 53300.7344 250.582886 300. -13.938489 0. 0. 0.
 1 668 0 T F 5.78071976 16.177227 10.479641 0.5 0.5 0. 4989.82227 0. 53403.1914 250.720596 300. -14.0996618 0. 0. 0.
 1 669 0 T F 5.78171968 16.1782265 10.4511213 0.5 0.5 0. 4975.5625 0. 53506.9609 250.859863 300. -14.2599058 0. 0. 0.
 1 670 0 T F 5.78271961 16.1792259 10.4222832 0.5 0.5 0. 4961.14307 0. 53612.0352 251.000671 300. -14.4192123 0. 0. 0.
 1 671 0 T F 5.78371954 16.1802254 10.3931284 0.5 0.5 0. 4946.56543 0. 53718.4063 251.143021 300. -14.5775709 0. 0. 0.
 1 672 0 T F 5.78471947 16.1812248 10.3636589 0.5 0.5 0. 4931.83057 0. 53826.0781 251.286911 300. -14.734972 0. 0. 0.
 1 673 0 T F 5.78571939 16.1822243 10.3338757 0.5 0.5 0. 4916.93896 0. 53935.0508 251.432343 300. -14.8914061 0. 0. 0.
 1 674 0 T F 5.78671932 16.1832237 10.3037815 0.5 0.5 0. 4901.89209 0. 54045.3242 251.5793 300. -15.0468636 0. 0. 0.
 1 675 0 T F 5.78771925 16.1842232 10.2733784 0.5 0.5 0. 4886.69092 0. 54156.8867 251.727753 300. -15.201335 0. 0. 0.
 1 676 0 T F 5.78871918 16.1852226 10.2426691 0.5 0.5 0. 4871.33594 0. 54269.7422 251.877686 300. -15.3548107 0. 0. 0.
 1 677 0 T F 5.7897191 16.1862221 10.2116547 0.5 0.5 0. 4855.82861 0. 54383.8906 252.029114 300. -15.5072823 0. 0. 0.
 1 678 0 T F 5.79071903 16.1872215 10.180337 0.5 0.5 0. 4840.16992 0. 54499.3281 252.182037 300. -15.65874 0. 0. 0.
 1 679 0 T F 5.79171896 16.188221 10.1487188 0.5 0.5 0. 4824.36084 0. 54616.0508 252.336426 300. -15.8091745 0. 0. 0.
 1 680 0 T F 5.79271889 16.1892204 10.1168013 0.5 0.5 0. 4808.40234 0. 54734.0586 252.492264 300. -15.9585772 0. 0. 0.
 1 681 0 T F 5.79371881 16.1902199 10.0845871 0.5 0.5 0. 4792.29541 0. 54853.3438 252.649551 300. -16.1069393 0. 0. 0.
 1 682 0 T F 5.79471874 16.1912193 10.0520782 0.5 0.5 0. 4776.04102 0. 54973.9023 252.808273 300. -16.2542515 0. 0. 0.
 1 683 0 T F 5.79571867 16.1922188 10.0192776 0.5 0.5 0. 4759.64063 0. 55095.7422 252.968414 300. -16.4005051 0. 0. 0.
 1 684 0 T F 5.7967186 16.1932182 9.98618603 0.5 0.5 0. 4743.09473 0. 55218.8516 253.12999 300. -16.5456924 0. 0. 0.
 1 685 0 T F 5.79771852 16.1942177 9.95280647 0.5 0.5 0. 4726.40479 0. 55343.2383 253.292953 300. -16.6898041 0. 0. 0.
 1 686 0 T F 5.79871845 16.1952171 9.91914082 0.5 0.5 0. 4709.57178 0. 55468.8867 253.457321 300. -16.8328323 0. 0. 0.
 1 687 0 T F 5.79971838 16.1962166 9.88519096 0.5 0.5 0. 4692.59717 0. 55595.7969 253.623062 300. -16.9747677 0. 0. 0.
 1 688 0 T F 5.80071831 16.197216 9.85095978 0.5 0.5 0. 4675.48145 0. 55723.9727 253.790207 300. -17.1156025 0. 0. 0.
 1 689 0 T F 5.80171824 16.1982155 9.81644917 0.5 0.5 0. 4658.22607 0. 55853.4063 253.95871 300. -17.2553291 0. 0. 0.
 1 690 0 T F 5.80271816 16.1992149 9.78166103 0.5 0.5 0. 4640.83203 0. 55984.1016 254.12854 300. -17.3939381 0. 0. 0.
 1 691 0 T F 5.80371809 16.2002144 9.74659824 0.5 0.5 0. 4623.30078 0. 56116.043 254.299744 300. -17.5314217 0. 0. 0.
 1 692 0 T F 5.80471802 16.2012138 9.7112627 0.5 0.5 0. 4605.63281 0. 56249.2383 254.472244 300. -17.6677723 0. 0. 0.
 1 693 0 T F 5.80571795 16.2022133 9.67565632 0.5 0.5 0. 4587.82959 0. 56383.6836 254.646088 300. -17.8029823 0. 0. 0.
 1 694 0 T F 5.80671787 16.2032127 9.63978195 0.5 0.5 0. 4569.89258 0. 56519.3711 254.821228 300. -17.9370441 0. 0. 0.
 1 695 0 T F 5.8077178 16.2042122 9.60364246 0.5 0.5 0. 4551.82275 0. 56656.293 254.997665 300. -18.069952 0. 0. 0.
 1 696 0 T F 5.80871773 16.2052116 9.56723881 0.5 0.5 0. 4533.62109 0. 56794.4531 255.175385 300. -18.2016945 0. 0. 0.
 1 697 0 T F 5.80971766 16.2062111 9.53057384 0.5 0.5 0. 4515.28906 0. 56933.8477 255.354385 300. -18.3322678 0. 0. 0.
 1 698 0 T F 5.81071758 16.2072105 9.49365044 0.5 0.5 0. 4496.82764 0. 57074.4766 255.534668 300. -18.4616623 0. 0. 0.
 1 699 0 T F 5.81171751 16.20821 9.45647049 0.5 0.5 0. 4478.23779 0. 57216.3281 255.716171 300. -18.5898724 0. 0. 0.
 1 700 0 T F 5.81271744 16.2092094 9.41903687 0.5 0.5 0. 4459.521 0. 57359.3984 255.898926 300. -18.7168903 0. 0. 0.
 1 701 0 T F 5.81371737 16.2102089 9.38135147 0.5 0.5 0. 4440.67822 0. 57503.6875 256.082916 300. -18.8427086 0. 0. 0.
 1 702 0 T F 5.81471729 16.2112083 9.34341717 0.5 0.5 0. 4421.71094 0. 57649.1992 256.268097 300. -18.9673195 0. 0. 0.
 1 703 0 T F 5.81571722 16.2122078 9.30523586 0.5 0.5 0. 4402.62012 0. 57795.918 256.454498 300. -19.0907173 0. 0. 0.
 1 704 0 T F 5.81671715 16.2132072 9.26681042 0.5 0.5 0. 4383.40723 0. 57943.8438 256.64209 300. -19.2128963 0. 0. 0.
 1 705 0 T F 5.81771708 16.2142067 9.22814274 0.5 0.5 0. 4364.07324 0. 58092.9766 256.830872 300. -19.333849 0. 0. 0.
 1 706 0 T F 5.818717 16.2152061 9.18923569 0.5 0.5 0. 4344.61963 0. 58243.3008 257.020782 300. -19.4535675 0. 0. 0.
 1 707 0 T F 5.81971693 16.2162056 9.15009117 0.5 0.5 0. 4325.04736 0. 58394.8203 257.211884 300. -19.5720463 0. 0. 0.
 1 708 0 T F 5.82071686 16.217205 9.11071301 0.5 0.5 0. 4305.35791 0. 58547.5352 257.404114 300. -19.6892796 0. 0. 0.
 1 709 0 T F 5.82171679 16.2182045 9.07110214 0.5 0.5 0. 4285.55273 0. 58701.4297 257.597504 300. -19.8052616 0. 0. 0.
 1 710 0 T F 5.82271671 16.2192039 9.0312624 0.5 0.5 0. 4265.63281 0. 58856.5156 257.791992 300. -19.9199848 0. 0. 0.
 1 711 0 T F 5.82371664 16.2202034 8.99119568 0.5 0.5 0. 4245.59961 0. 59012.7734 257.987579 300. -20.0334435 0. 0. 0.
 1 712 0 T F 5.82471657 16.2212029 8.95090485 0.5 0.5 0. 4225.4541 0. 59170.207 258.184265 300. -20.1456318 0. 0. 0.
 1 713 0 T F 5.8257165 16.2222023 8.91039181 0.5 0.5 0. 4205.19775 0. 59328.8086 258.38205 300. -20.2565441 0. 0. 0.
 1 714 0 T F 5.82671642 16.2232018 8.86965942 0.5 0.5 0. 4184.83154 0. 59488.5703 258.580902 300. -20.3661747 0. 0. 0.
 1 715 0 T F 5.82771635 16.2242012 8.82871056 0.5 0.5 0. 4164.35693 0. 59649.4922 258.780792 300. -20.4745178 0. 0. 0.
 1 716 0 T F 5.82871628 16.2252007 8.78754711 0.5 0.5 0. 4143.77539 0. 59811.5664 258.98172 300. -20.5815697 0. 0. 0.
 1 717 0 T F 5.82971621 16.2262001 8.7461729 0.5 0.5 0. 4123.08789 0. 59974.7891 259.183716 300. -20.6873226 0. 0. 0.
 1 718 0 T F 5.83071613 16.2271996 8.70458889 0.5 0.5 0. 4102.2959 0. 60139.1563 259.386719 300. -20.7917728 0. 0. 0.
 1 719 0 T F 5.83171606 16.228199 8.66279888 0.5 0.5 0. 4081.40088 0. 60304.6641 259.590698 300. -20.8949127 0. 0. 0.
 1 720 0 T F 5.83271599 16.2291985 8.62080574 0.5 0.5 0. 4060.40405 0. 60471.3008 259.795685 300. -20.9967384 0. 0. 0.
 1 721 0 T F 5.83371592 16.2301979 8.57861137 0.5 0.5 0. 4039.30688 0. 60639.0703 260.001678 300. -21.0972462 0. 0. 0.
 1 722 0 T F 5.83471584 16.2311974 8.53621864 0.5 0.5 0. 4018.11035 0. 60807.9609 260.208618 300. -21.1964302 0. 0. 0.
 1 723 0 T F 5.83571577 16.2321968 8.49363041 0.5 0.5 0. 3996.81616 0. 60977.9688 260.416504 300. -21.2942848 0. 0. 0.
 1 724 0 T F 5.8367157 16.2331963 8.45084858 0.5 0.5 0. 3975.42529 0. 61149.0859 260.625336 300. -21.3908062 0. 0. 0.
 1 725 0 T F 5.83771563 16.2341957 8.40787697 0.5 0.5 0. 3953.93921 0. 61321.3086 260.835114 300. -21.4859886 0. 0. 0.
 1 726 0 T F 5.83871555 16.2351952 8.36471748 0.5 0.5 0. 3932.35938 0. 61494.6289 261.045776 300. -21.5798283 0. 0. 0.
 1 727 0 T F 5.83971548 16.2361946 8.32137299 0.5 0.5 0. 3910.68701 0. 61669.0508 261.257385 300. -21.6723213 0. 0. 0.
 1 728 0 T F 5.84071541 16.2371941 8.27784634 0.5 0.5 0. 3888.92358 0. 61844.5547 261.469849 300. -21.7634621 0. 0. 0.
 1 729 0 T F 5.84171534 16.2381935 8.23413944 0.5 0.5 0. 3867.07031 0. 62021.1406 261.683197 300. -21.8532486 0. 0. 0.
 1 730 0 T F 5.84271526 16.239193 8.19025612 0.5 0.5 0. 3845.12866 0. 62198.8047 261.8974 300. -21.9416752 0. 0. 0.
 1 731 0 T F 5.84371519 16.2401924 8.14619827 0.5 0.5 0. 3823.09985 0. 62377.5352 262.112488 300. -22.028738 0. 0. 0.
 1 732 0 T F 5.84471512 16.2411919 8.10196972 0.5 0.5 0. 3800.98535 0. 62557.3281 262.328369 300. -22.1144314 0. 0. 0.
 1 733 0 T F 5.84571505 16.2421913 8.05757236 0.5 0.5 0. 3778.78662 0. 62738.1797 262.545074 300. -22.1987553 0. 0. 0.
 1 734 0 T F 5.84671497 16.2431908 8.01300907 0.5 0.5 0. 3756.50488 0. 62920.082 262.762604 300. -22.2817039 0. 0. 0.
 1 735 0 T F 5.8477149 16.2441902 7.9682827 0.5 0.5 0. 3734.1416 0. 63103.0313 262.980927 300. -22.3632736 0. 0. 0.
 1 736 0 T F 5.84871483 16.2451897 7.92339563 0.5 0.5 0. 3711.69824 0. 63287.0156 263.200043 300. -22.4434605 0. 0. 0.
 1 737 0 T F 5.84971476 16.2461891 7.87835121 0.5 0.5 0. 3689.17603 0. 63472.0273 263.419922 300. -22.5222607 0. 0. 0.
 1 738 0 T F 5.85071468 16.2471886 7.83315182 0.5 0.5 0. 3666.57642 0. 63658.0625 263.640533 300. -22.5996723 0. 0. 0.
 1 739 0 T F 5.85171461 16.248188 7.78780031 0.5 0.5 0. 3643.90063 0. 63845.1133 263.861908 300. -22.6756916 0. 0. 0.
 1 740 0 T F 5.85271454 16.2491875 7.74229956 0.5 0.5 0. 3621.15039 0. 64033.1719 264.084015 300. -22.7503147 0. 0. 0.
 1 741 0 T F 5.85371447 16.2501869 7.69665241 0.5 0.5 0. 3598.3269 0. 64222.2344 264.306793 300. -22.8235397 0. 0. 0.
 1 742 0 T F 5.85471439 16.2511864 7.65086174 0.5 0.5 0. 3575.43164 0. 64412.293 264.530334 300. -22.8953629 0. 0. 0.
 1 743 0 T F 5.85571432 16.2521858 7.6049304 0.5 0.5 0. 3552.46582 0. 64603.3359 264.754517 300. -22.9657822 0. 0. 0.
 1 744 0 T F 5.85671425 16.2531853 7.55886078 0.5 0.5 0. 3529.43091 0. 64795.3594 264.979401 300. -23.0347939 0. 0. 0.
 1 745 0 T F 5.85771418 16.2541847 7.51265621 0.5 0.5 0. 3506.32861 0. 64988.3555 265.204926 300. -23.102396 0. 0. 0.
 1 746 0 T F 5.8587141 16.2551842 7.46631908 0.5 0.5 0. 3483.15991 0. 65182.3164 265.431091 300. -23.1685848 0. 0. 0.
 1 747 0 T F 5.85971403 16.2561836 7.41985226 0.5 0.5 0. 3459.92651 0. 65377.2344 265.657928 300. -23.2333603 0. 0. 0.
 1 748 0 T F 5.86071396 16.2571831 7.37325859 0.5 0.5 0. 3436.62988 0. 65573.1016 265.885345 300. -23.2967167 0. 0. 0.
 1 749 0 T F 5.86171389 16.2581825 7.32654142 0.5 0.5 0. 3413.27124 0. 65769.9063 266.113373 300. -23.358654 0. 0. 0.
 1 750 0 T F 5.86271381 16.259182 7.27970314 0.5 0.5 0. 3389.85205 0. 65967.6484 266.34201 300. -23.4191704 0. 0. 0.
 1 751 0 T F 5.86371374 16.2601814 7.2327466 0.5 0.5 0. 3366.37378 0. 66166.3125 266.571198 300. -23.4782619 0. 0. 0.
 1 752 0 T F 5.86471367 16.2611809 7.18567467 0.5 0.5 0. 3342.83789 0. 66365.8906 266.800964 300. -23.5359287 0. 0. 0.
 1 753 0 T F 5.8657136 16.2621803 7.1384902 0.5 0.5 0. 3319.24561 0. 66566.3828 267.031281 300. -23.5921669 0. 0. 0.
 1 754 0 T F 5.86671352 16.2631798 7.09119606 0.5 0.5 0. 3295.59863 0. 66767.7734 267.262115 300. -23.6469765 0. 0. 0.
 1 755 0 T F 5.86771345 16.2641792 7.04379511 0.5 0.5 0. 3271.89819 0. 66970.0547 267.4935 300. -23.7003555 0. 0. 0.
 1 756 0 T F 5.86871338 16.2651787 6.99629068 0.5 0.5 0. 3248.146 0. 67173.2188 267.725372 300. -23.7523022 0. 0. 0.
 1 757 0 T F 5.86971331 16.2661781 6.94868517 0.5 0.5 0. 3224.34326 0. 67377.2578 267.957764 300. -23.8028145 0. 0. 0.
 1 758 0 T F 5.87071323 16.2671776 6.90098143 0.5 0.5 0. 3200.49146 0. 67582.1563 268.190582 300. -23.8518906 0. 0. 0.
 1 759 0 T F 5.87171316 16.268177 6.85318232 0.5 0.5 0. 3176.59204 0. 67787.9063 268.42392 300. -23.8995304 0. 0. 0.
 1 760 0 T F 5.87271309 16.2691765 6.8052907 0.5 0.5 0. 3152.64624 0. 67994.5 268.657684 300. -23.9457302 0. 0. 0.
 1 761 0 T F 5.87371302 16.2701759 6.75730991 0.5 0.5 0. 3128.65576 0. 68201.9297 268.891876 300. -23.9904919 0. 0. 0.
 1 762 0 T F 5.87471294 16.2711754 6.70924234 0.5 0.5 0. 3104.62207 0. 68410.1875 269.126495 300. -24.0338135 0. 0. 0.
 1 763 0 T F 5.87571287 16.2721748 6.66109085 0.5 0.5 0. 3080.54639 0. 68619.2578 269.361511 300. -24.0756931 0. 0. 0.
 1 764 0 T F 5.8767128 16.2731743 6.61285877 0.5 0.5 0. 3056.43018 0. 68829.1406 269.596924 300. -24.1161308 0. 0. 0.
 1 765 0 T F 5.87771273 16.2741737 6.56454849 0.5 0.5 0. 3032.27515 0. 69039.8203 269.832703 300. -24.1551266 0. 0. 0.
 1 766 0 T F 5.87871265 16.2751732 6.51616335 0.5 0.5 0. 3008.08252 0. 69251.2969 270.068878 300. -24.1926804 0. 0. 0.
 1 767 0 T F 5.87971258 16.2761726 6.46770573 0.5 0.5 0. 2983.85376 0. 69463.5469 270.30542 300. -24.2287903 0. 0. 0.
 1 768 0 T F 5.88071251 16.2771721 6.41917896 0.5 0.5 0. 2959.59033 0. 69676.5703 270.542267 300. -24.2634544 0. 0. 0.
 1 769 0 T F 5.88171244 16.2781715 6.37058544 0.5 0.5 0. 2935.2937 0. 69890.3438 270.779449 300. -24.2966747 0. 0. 0.
 1 770 0 T F 5.88271236 16.279171 6.3219285 0.5 0.5 0. 2910.96533 0. 70104.8672 271.016968 300. -24.3284492 0. 0. 0.
 1 771 0 T F 5.88371229 16.2801704 6.273211 0.5 0.5 0. 2886.60645 0. 70320.1328 271.254761 300. -24.358778 0. 0. 0.
 1 772 0 T F 5.88471222 16.2811699 6.22443581 0.5 0.5 0. 2862.21875 0. 70536.125 271.492828 300. -24.387661 0. 0. 0.
 1 773 0 T F 5.88571215 16.2821693 6.17560577 0.5 0.5 0. 2837.80371 0. 70752.8281 271.731171 300. -24.4150982 0. 0. 0.
 1 774 0 T F 5.88671207 16.2831688 6.12672377 0.5 0.5 0. 2813.36255 0. 70970.2422 271.969757 300. -24.4410915 0. 0. 0.
 1 775 0 T F 5.887712 16.2841682 6.07779264 0.5 0.5 0. 2788.89697 0. 71188.3516 272.208588 300. -24.4656391 0. 0. 0.
 1 776 0 T F 5.88871193 16.2851677 6.02881527 0.5 0.5 0. 2764.4082 0. 71407.1484 272.447662 300. -24.4887409 0. 0. 0.
 1 777 0 T F 5.88971186 16.2861671 5.9797945 0.5 0.5 0. 2739.89771 0. 71626.6172 272.68692 300. -24.510397 0. 0. 0.
 1 778 0 T F 5.89071178 16.2871666 5.9307332 0.5 0.5 0. 2715.36719 0. 71846.75 272.926392 300. -24.5306091 0. 0. 0.
 1 779 0 T F 5.89171171 16.288166 5.88163424 0.5 0.5 0. 2690.81787 0. 72067.5313 273.166046 300. -24.5493774 0. 0. 0.
 1 780 0 T F 5.89271164 16.2891655 5.83250093 0.5 0.5 0. 2666.25122 0. 72288.9531 273.405853 300. -24.5667038 0. 0. 0.
 1 781 0 T F 5.89371157 16.2901649 5.78333569 0.5 0.5 0. 2641.6687 0. 72511.0078 273.645844 300. -24.5825863 0. 0. 0.
 1 782 0 T F 5.89471149 16.2911644 5.73414183 0.5 0.5 0. 2617.07178 0. 72733.6797 273.885956 300. -24.5970268 0. 0. 0.
 1 783 0 T F 5.89571142 16.2921638 5.68492174 0.5 0.5 0. 2592.46167 0. 72956.9531 274.12619 300. -24.6100273 0. 0. 0.
 1 784 0 T F 5.89671135 16.2931633 5.63567877 0.5 0.5 0. 2567.84009 0. 73180.8281 274.366547 300. -24.6215878 0. 0. 0.
 1 785 0 T F 5.89771128 16.2941628 5.58641529 0.5 0.5 0. 2543.2085 0. 73405.2813 274.606995 300. -24.6317081 0. 0. 0.
 1 786 0 T F 5.8987112 16.2951622 5.53713465 0.5 0.5 0. 2518.56812 0. 73630.3047 274.847565 300. -24.6403904 0. 0. 0.
 1 787 0 T F 5.89971113 16.2961617 5.48783922 0.5 0.5 0. 2493.92041 0. 73855.8828 275.088165 300. -24.6476364 0. 0. 0.
 1 788 0 T F 5.90071106 16.2971611 5.43853235 0.5 0.5 0. 2469.26685 0. 74082.0156 275.328857 300. -24.6534462 0. 0. 0.
 1 789 0 T F 5.90171099 16.2981606 5.3892169 0.5 0.5 0. 2444.60913 0. 74308.6797 275.56955 300. -24.6578217 0. 0. 0.
 1 790 0 T F 5.90271091 16.29916 5.33989525 0.5 0.5 0. 2419.94849 0. 74535.8672 275.810303 300. -24.6607647 0. 0. 0.
 1 791 0 T F 5.90371084 16.3001595 5.29057074 0.5 0.5 0. 2395.28613 0. 74763.5625 276.051056 300. -24.6622772 0. 0. 0.
 1 792 0 T F 5.90471077 16.3011589 5.24124622 0.5 0.5 0. 2370.62378 0. 74991.75 276.291809 300. -24.6623592 0. 0. 0.
 1 793 0 T F 5.9057107 16.3021584 5.1919241 0.5 0.5 0. 2345.96265 0. 75220.4297 276.532562 300. -24.6610126 0. 0. 0.
 1 794 0 T F 5.90671062 16.3031578 5.14260769 0.5 0.5 0. 2321.30444 0. 75449.5781 276.773254 300. -24.6582394 0. 0. 0.
 1 795 0 T F 5.90771055 16.3041573 5.09329939 0.5 0.5 0. 2296.65039 0. 75679.1875 277.013947 300. -24.6540413 0. 0. 0.
 1 796 0 T F 5.90871048 16.3051567 5.04400253 0.5 0.5 0. 2272.00195 0. 75909.2422 277.254578 300. -24.6484203 0. 0. 0.
 1 797 0 T F 5.90971041 16.3061562 4.99471998 0.5 0.5 0. 2247.3606 0. 76139.7344 277.495148 300. -24.6413784 0. 0. 0.
 1 798 0 T F 5.91071033 16.3071556 4.94545412 0.5 0.5 0. 2222.72778 0. 76370.6406 277.735596 300. -24.6329174 0. 0. 0.
 1 799 0 T F 5.91171026 16.3081551 4.89620781 0.5 0.5 0. 2198.10474 0. 76601.9609 277.975983 300. -24.6230412 0. 0. 0.
 1 800 0 T F 5.91271019 16.3091545 4.84698439 0.5 0.5 0. 2173.49292 0. 76833.6641 278.216248 300. -24.6117496 0. 0. 0.
