# OMP_NUM_THREADS=1 aprun -n 1 -d 1./test-ideal-dc-threads-nfunc
# OMP_NUM_THREADS=1 aprun -n 1 -d 1./test-ideal-dc-threads-nfunc
 1 20 30 20 1 1 1 500000 50 39.1156845 F 8. -1 dc 1
# OMP_NUM_THREADS=1 aprun -n 1 -d 1 ./test-ideal-dc-threads-func
 1 20 30 20 1 1 1 500000 50 158.028702 F 8. -1 dc 1
# OMP_NUM_THREADS=1 aprun -n 1 -d 40 ./test-ideal-dc-threads-nfunc
 1 20 30 20 1 1 1 500000 50 39.0572968 F 8. -1 dc 1
# OMP_NUM_THREADS=1 aprun -n 1 -d 40 ./test-ideal-dc-threads-func
 1 20 30 20 1 1 1 500000 50 158.602814 F 8. -1 dc 1
# OMP_NUM_THREADS=38 aprun -n 1 -d 40 ./test-ideal-dc-threads-nfunc
 1 20 30 20 1 1 1 500000 50 40.8846512 F 8. -1 dc 38
# OMP_NUM_THREADS=38 aprun -n 1 -d 40 ./test-ideal-dc-threads-func
 1 20 30 20 1 1 1 500000 50 46.1165771 F 8. -1 dc 38
# ------------------------------------------------------------------
# OMP_NUM_THREADS=1 aprun -n 1 -d 1 ./test-ideal-dc-threads-nfunc
 1 20 30 20 1 1 1 1 50 8.647345821E-4 F 8. -1 dc 1
 1 20 30 20 1 1 1 10 50 9.82652884E-4 F 8. -1 dc 1
 1 20 30 20 1 1 1 100 50 2.050469164E-3 F 8. -1 dc 1
 1 20 30 20 1 1 1 1000 50 1.396677364E-2 F 8. -1 dc 1
 1 20 30 20 1 1 1 10000 50 0.373034686 F 8. -1 dc 1
 1 20 30 20 1 1 1 100000 50 7.22050095 F 8. -1 dc 1
 1 20 30 20 1 1 1 500000 50 39.3954735 F 8. -1 dc 1
 1 20 30 20 1 1 1 1000000 50 79.7130966 F 8. -1 dc 1
# OMP_NUM_THREADS=1 aprun -n 1 -d 1 ./test-ideal-dc-threads-func
 1 20 30 20 1 1 1 1 50 1.094020205E-3 F 8. -1 dc 1
 1 20 30 20 1 1 1 10 50 3.570305649E-3 F 8. -1 dc 1
 1 20 30 20 1 1 1 100 50 3.484487161E-2 F 8. -1 dc 1
 1 20 30 20 1 1 1 1000 50 0.269712031 F 8. -1 dc 1
 1 20 30 20 1 1 1 10000 50 2.77339363 F 8. -1 dc 1
 1 20 30 20 1 1 1 100000 50 30.5855045 F 8. -1 dc 1
 1 20 30 20 1 1 1 500000 50 157.355759 F 8. -1 dc 1
 1 20 30 20 1 1 1 1000000 50 314.485931 F 8. -1 dc 1
# OMP_NUM_THREADS=1 aprun -n 1 -d 40 ./test-ideal-dc-threads-nfunc
 1 20 30 20 1 1 1 1 50 8.647345821E-4 F 8. -1 dc 1
 1 20 30 20 1 1 1 10 50 1.028510043E-3 F 8. -1 dc 1
 1 20 30 20 1 1 1 100 50 2.129081404E-3 F 8. -1 dc 1
 1 20 30 20 1 1 1 1000 50 1.362612005E-2 F 8. -1 dc 1
 1 20 30 20 1 1 1 10000 50 0.374364555 F 8. -1 dc 1
 1 20 30 20 1 1 1 100000 50 7.2007103 F 8. -1 dc 1
 1 20 30 20 1 1 1 500000 50 39.2385292 F 8. -1 dc 1
 1 20 30 20 1 1 1 1000000 50 79.6537628 F 8. -1 dc 1
# OMP_NUM_THREADS=1 aprun -n 1 -d 40 ./test-ideal-dc-threads-func
 1 20 30 20 1 1 1 1 50 1.198836602E-3 F 8. -1 dc 1
 1 20 30 20 1 1 1 10 50 3.662019735E-3 F 8. -1 dc 1
 1 20 30 20 1 1 1 100 50 2.788113803E-2 F 8. -1 dc 1
 1 20 30 20 1 1 1 1000 50 0.272083491 F 8. -1 dc 1
 1 20 30 20 1 1 1 10000 50 2.78263712 F 8. -1 dc 1
 1 20 30 20 1 1 1 100000 50 30.6807098 F 8. -1 dc 1
 1 20 30 20 1 1 1 500000 50 157.804825 F 8. -1 dc 1
 1 20 30 20 1 1 1 1000000 50 316.352173 F 8. -1 dc 1
