 1 20 30 20 1 1 1 1 50 5.764897214E-4 F 8. -1 do 0
 1 20 30 20 1 1 1 1 50 6.485509221E-4 F 8. -1 dc 1
 1 20 30 20 1 1 1 1 50 5.50285622E-4 F 8. -1 omp_do_simd 38
 1 20 30 20 1 1 1 10 50 7.140611415E-4 F 8. -1 do 0
 1 20 30 20 1 1 1 10 50 8.188774227E-4 F 8. -1 dc 1
 1 20 30 20 1 1 1 10 50 6.551019615E-4 F 8. -1 omp_do_simd 38
 1 20 30 20 1 1 1 100 50 1.604999765E-3 F 8. -1 do 0
 1 20 30 20 1 1 1 100 50 1.742571127E-3 F 8. -1 dc 1
 1 20 30 20 1 1 1 100 50 1.611550804E-3 F 8. -1 omp_do_simd 38
 1 20 30 20 1 1 1 1000 50 1.162805967E-2 F 8. -1 do 0
 1 20 30 20 1 1 1 1000 50 1.209973264E-2 F 8. -1 dc 1
 1 20 30 20 1 1 1 1000 50 1.176563092E-2 F 8. -1 omp_do_simd 38
 1 20 30 20 1 1 1 10000 50 0.357567728 F 8. -1 do 0
 1 20 30 20 1 1 1 10000 50 0.355550021 F 8. -1 dc 1
 1 20 30 20 1 1 1 10000 50 0.359225154 F 8. -1 omp_do_simd 38
 1 20 30 20 1 1 1 100000 50 7.40255356 F 8. -1 do 0
 1 20 30 20 1 1 1 100000 50 7.40592766 F 8. -1 dc 1
 1 20 30 20 1 1 1 100000 50 7.40018225 F 8. -1 omp_do_simd 38
 1 20 30 20 1 1 1 1000000 50 79.3578644 F 8. -1 do 0
 1 20 30 20 1 1 1 1000000 50 79.1665497 F 8. -1 dc 1
 1 20 30 20 1 1 1 1000000 50 78.8581009 F 8. -1 omp_do_simd 38
