1  20  30  20  1  1  1  1        50  9.4699999E-04  F  8.000000  -1  do                                     0
1  20  30  20  1  1  1  1        50  6.0400000E-04  F  8.000000  -1  omp_do_simd                            12
1  20  30  20  1  1  1  1        50  1.3402000E-02  F  8.000000  -1  dc_gpu                                 12
1  20  30  20  1  1  1  1        50  3.1270001E-03  F  8.000000  -1  omp_parallel_do_simd                   12
1  20  30  20  1  1  1  10       50  6.8330001E-03  F  8.000000  -1  do                                     0
1  20  30  20  1  1  1  10       50  6.8609999E-03  F  8.000000  -1  omp_do_simd                            12
1  20  30  20  1  1  1  10       50  1.3179000E-02  F  8.000000  -1  dc_gpu                                 12
1  20  30  20  1  1  1  10       50  5.6830002E-03  F  8.000000  -1  omp_parallel_do_simd                   12
1  20  30  20  1  1  1  100      50  6.3942000E-02  F  8.000000  -1  do                                     0
1  20  30  20  1  1  1  100      50  6.5176003E-02  F  8.000000  -1  omp_do_simd                            12
1  20  30  20  1  1  1  100      50  1.4825000E-02  F  8.000000  -1  dc_gpu                                 12
1  20  30  20  1  1  1  100      50  1.9120000E-02  F  8.000000  -1  omp_parallel_do_simd                   12
1  20  30  20  1  1  1  1000     50  0.6384370      F  8.000000  -1  do                                     0
1  20  30  20  1  1  1  1000     50  0.6344260      F  8.000000  -1  omp_do_simd                            12
1  20  30  20  1  1  1  1000     50  3.0076001E-02  F  8.000000  -1  dc_gpu                                 12
1  20  30  20  1  1  1  1000     50  0.1423950      F  8.000000  -1  omp_parallel_do_simd                   12
1  20  30  20  1  1  1  10000    50  6.398698       F  8.000000  -1  do                                     0
1  20  30  20  1  1  1  10000    50  6.397401       F  8.000000  -1  omp_do_simd                            12
1  20  30  20  1  1  1  10000    50  0.2010570      F  8.000000  -1  dc_gpu                                 12
1  20  30  20  1  1  1  10000    50  1.419553       F  8.000000  -1  omp_parallel_do_simd                   12
1  20  30  20  1  1  1  100000   50  65.68413       F  8.000000  -1  do                                     0
1  20  30  20  1  1  1  100000   50  18.18336       F  8.000000  -1  omp_do_simd                            12
1  20  30  20  1  1  1  100000   50  3.878859       F  8.000000  -1  dc_gpu                                 12
1  20  30  20  1  1  1  100000   50  15.25042       F  8.000000  -1  omp_parallel_do_simd                   12
1  20  30  20  1  1  1  1000000  50  685.0007       F  8.000000  -1  do                                     0
1  20  30  20  1  1  1  1000000  50  686.7141       F  8.000000  -1  omp_do_simd                            12
1  20  30  20  1  1  1  1000000  50  43.01608       F  8.000000  -1  dc_gpu                                 12
1  20  30  20  1  1  1  1000000  50  170.2419       F  8.000000  -1  omp_parallel_do_simd                   12
1  20  30  20  1  1  1  1        50  1.3290000E-03  F  8.000000  -1  do_gpu_expanded                        0
1  20  30  20  1  1  1  1        50  9.6600002E-04  F  8.000000  -1  do_multicore                           0
1  20  30  20  1  1  1  1        50  4.8600000E-04  F  8.000000  -1  do_multicore_expanded                  0
1  20  30  20  1  1  1  1        50  1.8520000E-03  F  8.000000  -1  dc_multicore                           12
1  20  30  20  1  1  1  10       50  3.0390001E-03  F  8.000000  -1  do_gpu_expanded                        0
1  20  30  20  1  1  1  10       50  6.7969998E-03  F  8.000000  -1  do_multicore                           0
1  20  30  20  1  1  1  10       50  2.0069999E-03  F  8.000000  -1  do_multicore_expanded                  0
1  20  30  20  1  1  1  10       50  1.9640001E-03  F  8.000000  -1  dc_multicore                           12
1  20  30  20  1  1  1  100      50  1.7701000E-02  F  8.000000  -1  do_gpu_expanded                        0
1  20  30  20  1  1  1  100      50  6.3910998E-02  F  8.000000  -1  do_multicore                           0
1  20  30  20  1  1  1  100      50  1.6648000E-02  F  8.000000  -1  do_multicore_expanded                  0
1  20  30  20  1  1  1  100      50  4.1820002E-03  F  8.000000  -1  dc_multicore                           12
1  20  30  20  1  1  1  1000     50  0.1660620      F  8.000000  -1  do_gpu_expanded                        0
1  20  30  20  1  1  1  1000     50  0.6402940      F  8.000000  -1  do_multicore                           0
1  20  30  20  1  1  1  1000     50  0.1656280      F  8.000000  -1  do_multicore_expanded                  0
1  20  30  20  1  1  1  1000     50  2.7309000E-02  F  8.000000  -1  dc_multicore                           12
1  20  30  20  1  1  1  10000    50  1.669437       F  8.000000  -1  do_gpu_expanded                        0
1  20  30  20  1  1  1  10000    50  6.419845       F  8.000000  -1  do_multicore                           0
1  20  30  20  1  1  1  10000    50  1.695449       F  8.000000  -1  do_multicore_expanded                  0
1  20  30  20  1  1  1  10000    50  0.2873630      F  8.000000  -1  dc_multicore                           12
1  20  30  20  1  1  1  100000   50  18.81300       F  8.000000  -1  do_gpu_expanded                        0
1  20  30  20  1  1  1  100000   50  65.59648       F  8.000000  -1  do_multicore                           0
1  20  30  20  1  1  1  100000   50  18.74146       F  8.000000  -1  do_multicore_expanded                  0
1  20  30  20  1  1  1  100000   50  4.215484       F  8.000000  -1  dc_multicore                           12
1  20  30  20  1  1  1  1000000  50  191.5153       F  8.000000  -1  do_gpu_expanded                        0
1  20  30  20  1  1  1  1000000  50  679.2372       F  8.000000  -1  do_multicore                           0
1  20  30  20  1  1  1  1000000  50  209.2005       F  8.000000  -1  do_multicore_expanded                  0
1  20  30  20  1  1  1  1000000  50  61.09127       F  8.000000  -1  dc_multicore                           12
1  20  30  20  1  1  1  1        50  1.3360000E-03  F  8.000000  -1  omp_do_simd_expand_gpu                 12
1  20  30  20  1  1  1  1        50  3.9299999E-04  F  8.000000  -1  omp_do_simd_expand_multicore           12
1  20  30  20  1  1  1  1        50  5.1950002E-03  F  8.000000  -1  omp_parallel_do_simd_expand_gpu        12
1  20  30  20  1  1  1  1        50  2.0000001E-03  F  8.000000  -1  omp_parallel_do_simd_expand_multicore  12
1  20  30  20  1  1  1  10       50  1.4720000E-03  F  8.000000  -1  omp_do_simd_expand_gpu                 12
1  20  30  20  1  1  1  10       50  5.3999998E-04  F  8.000000  -1  omp_do_simd_expand_multicore           12
1  20  30  20  1  1  1  10       50  5.6050001E-03  F  8.000000  -1  omp_parallel_do_simd_expand_gpu        12
1  20  30  20  1  1  1  10       50  2.3119999E-03  F  8.000000  -1  omp_parallel_do_simd_expand_multicore  12
1  20  30  20  1  1  1  100      50  2.9529999E-03  F  8.000000  -1  omp_do_simd_expand_gpu                 12
1  20  30  20  1  1  1  100      50  1.7560000E-03  F  8.000000  -1  omp_do_simd_expand_multicore           12
1  20  30  20  1  1  1  100      50  7.3600002E-03  F  8.000000  -1  omp_parallel_do_simd_expand_gpu        12
1  20  30  20  1  1  1  100      50  4.2969999E-03  F  8.000000  -1  omp_parallel_do_simd_expand_multicore  12
1  20  30  20  1  1  1  1000     50  1.8426999E-02  F  8.000000  -1  omp_do_simd_expand_gpu                 12
1  20  30  20  1  1  1  1000     50  1.7152000E-02  F  8.000000  -1  omp_do_simd_expand_multicore           12
1  20  30  20  1  1  1  1000     50  2.9011000E-02  F  8.000000  -1  omp_parallel_do_simd_expand_gpu        12
1  20  30  20  1  1  1  1000     50  2.7385000E-02  F  8.000000  -1  omp_parallel_do_simd_expand_multicore  12
1  20  30  20  1  1  1  10000    50  0.1911370      F  8.000000  -1  omp_do_simd_expand_gpu                 12
1  20  30  20  1  1  1  10000    50  0.1980150      F  8.000000  -1  omp_do_simd_expand_multicore           12
1  20  30  20  1  1  1  10000    50  0.2779420      F  8.000000  -1  omp_parallel_do_simd_expand_gpu        12
1  20  30  20  1  1  1  10000    50  0.2801360      F  8.000000  -1  omp_parallel_do_simd_expand_multicore  12
1  20  30  20  1  1  1  100000   50  3.827104       F  8.000000  -1  omp_do_simd_expand_gpu                 12
1  20  30  20  1  1  1  100000   50  3.910391       F  8.000000  -1  omp_do_simd_expand_multicore           12
1  20  30  20  1  1  1  100000   50  4.095454       F  8.000000  -1  omp_parallel_do_simd_expand_gpu        12
1  20  30  20  1  1  1  100000   50  4.153036       F  8.000000  -1  omp_parallel_do_simd_expand_multicore  12
1  20  30  20  1  1  1  1000000  50  42.95472       F  8.000000  -1  omp_do_simd_expand_gpu                 12
1  20  30  20  1  1  1  1000000  50  60.80369       F  8.000000  -1  omp_do_simd_expand_multicore           12
1  20  30  20  1  1  1  1000000  50  43.17234       F  8.000000  -1  omp_parallel_do_simd_expand_gpu        12
1  20  30  20  1  1  1  1000000  50  61.15229       F  8.000000  -1  omp_parallel_do_simd_expand_multicore  12
