# OMP_NUM_THREADS=1 ./test-ideal-omp-parallel-simd-func
           1          20          30          20           1           1           1      100000          50   4.10200024     F   8.00000000              -1 omp           1
           1          20          30          20           1           1           1      100000          50   4.17299986     F   8.00000000              -1 omp           2
           1          20          30          20           1           1           1      100000          50   4.16499996     F   8.00000000              -1 omp           4
           1          20          30          20           1           1           1      100000          50   4.64300013     F   8.00000000              -1 omp           8
           1          20          30          20           1           1           1      100000          50   4.29199982     F   8.00000000              -1 omp          10
           1          20          30          20           1           1           1      100000          50   4.82600021     F   8.00000000              -1 omp          12
# OMP_NUM_THREADS=1 ./test-ideal-omp-parallel-simd-func
           1          20          30          20           1           1           1      500000          50   29.3530006     F   8.00000000              -1 omp           1
           1          20          30          20           1           1           1      500000          50   29.5219994     F   8.00000000              -1 omp           2
           1          20          30          20           1           1           1      500000          50   29.6040001     F   8.00000000              -1 omp           4
           1          20          30          20           1           1           1      500000          50   31.2070007     F   8.00000000              -1 omp           8
           1          20          30          20           1           1           1      500000          50   31.4379997     F   8.00000000              -1 omp          10
           1          20          30          20           1           1           1      500000          50   31.9869995     F   8.00000000              -1 omp          12
# OMP_NUM_THREADS=1 ./test-ideal-omp-simd-func
           1          20          30          20           1           1           1      100000          50   19.7789993     F   8.00000000              -1 omp           1
           1          20          30          20           1           1           1      100000          50   19.7509995     F   8.00000000              -1 omp           2
           1          20          30          20           1           1           1      100000          50   19.9680004     F   8.00000000              -1 omp           4
           1          20          30          20           1           1           1      100000          50   19.8430004     F   8.00000000              -1 omp           8
           1          20          30          20           1           1           1      100000          50   19.7940006     F   8.00000000              -1 omp          10
           1          20          30          20           1           1           1      100000          50   19.8010006     F   8.00000000              -1 omp          12
# OMP_NUM_THREADS=1 ./test-ideal-omp-parallel-simd-func-thread
           1          20          30          20           1           1           1      100000          50   4.20900011     F   8.00000000              -1 omp           1
           1          20          30          20           1           1           1      100000          50   4.20599985     F   8.00000000              -1 omp           2
           1          20          30          20           1           1           1      100000          50   4.22700024     F   8.00000000              -1 omp           4
           1          20          30          20           1           1           1      100000          50   4.63100004     F   8.00000000              -1 omp           8
           1          20          30          20           1           1           1      100000          50   4.62900019     F   8.00000000              -1 omp          10
           1          20          30          20           1           1           1      100000          50   4.61700010     F   8.00000000              -1 omp          12
# OMP_NUM_THREADS=1 ./test-ideal-omp-parallel-simd-func-thread
           1          20          30          20           1           1           1      100000          50   4.19000006     F   8.00000000              -1 omp           1
           1          20          30          20           1           1           1      100000          50   4.22399998     F   8.00000000              -1 omp           2
           1          20          30          20           1           1           1      100000          50   4.23899984     F   8.00000000              -1 omp           4
           1          20          30          20           1           1           1      100000          50   4.28000021     F   8.00000000              -1 omp           8
           1          20          30          20           1           1           1      100000          50   4.65299988     F   8.00000000              -1 omp          10
           1          20          30          20           1           1           1      100000          50   4.64900017     F   8.00000000              -1 omp          12
# OMP_NUM_THREADS=1 ./test-ideal-do-nfunc
           1          20          30          20           1           1           1           1          50   0.00000000     F   8.00000000              -1 do           0
           1          20          30          20           1           1           1          10          50   1.00000005E-03 F   8.00000000              -1 do           0
           1          20          30          20           1           1           1         100          50   1.49999997E-02 F   8.00000000              -1 do           0
           1          20          30          20           1           1           1        1000          50  0.156000003     F   8.00000000              -1 do           0
           1          20          30          20           1           1           1       10000          50   1.58399999     F   8.00000000              -1 do           0
           1          20          30          20           1           1           1      100000          50   17.7959995     F   8.00000000              -1 do           0
           1          20          30          20           1           1           1      500000          50   98.3779984     F   8.00000000              -1 do           0
           1          20          30          20           1           1           1     1000000          50   196.160995     F   8.00000000              -1 do           0
# OMP_NUM_THREADS=1 ./test-ideal-do-func
           1          20          30          20           1           1           1           1          50   1.00000005E-03 F   8.00000000              -1 do           0
           1          20          30          20           1           1           1          10          50   2.00000009E-03 F   8.00000000              -1 do           0
           1          20          30          20           1           1           1         100          50   1.70000009E-02 F   8.00000000              -1 do           0
           1          20          30          20           1           1           1        1000          50  0.174999997     F   8.00000000              -1 do           0
           1          20          30          20           1           1           1       10000          50   1.78699994     F   8.00000000              -1 do           0
           1          20          30          20           1           1           1      100000          50   19.7110004     F   8.00000000              -1 do           0
           1          20          30          20           1           1           1      500000          50   108.153000     F   8.00000000              -1 do           0
           1          20          30          20           1           1           1     1000000          50   216.048996     F   8.00000000              -1 do           0
# OMP_NUM_THREADS=1 ./test-ideal-do-nfunc-trees
           1          20          30          20           1           1           1           1          50   0.00000000     F   8.00000000              -1 do           0
           1          20          30          20           1           1           1          10          50   2.00000009E-03 F   8.00000000              -1 do           0
           1          20          30          20           1           1           1         100          50   1.49999997E-02 F   8.00000000              -1 do           0
           1          20          30          20           1           1           1        1000          50  0.156000003     F   8.00000000              -1 do           0
           1          20          30          20           1           1           1       10000          50   1.59000003     F   8.00000000              -1 do           0
           1          20          30          20           1           1           1      100000          50   17.6529999     F   8.00000000              -1 do           0
           1          20          30          20           1           1           1      500000          50   97.7779999     F   8.00000000              -1 do           0
           1          20          30          20           1           1           1     1000000          50   195.602005     F   8.00000000              -1 do           0
