 1 20 30 20 1 1 1 250000 10 13.9734097 F 8. -1 dc 1
 1 20 30 20 1 1 1 250000 10 8.19882965 F 8. -1 dc 2
 1 20 30 20 1 1 1 250000 10 5.41619921 F 8. -1 dc 4
 1 20 30 20 1 1 1 250000 10 3.88876367 F 8. -1 dc 8
 1 20 30 20 1 1 1 250000 10 3.15445995 F 8. -1 dc 16
 1 20 30 20 1 1 1 250000 10 2.8657763  F 8. -1 dc 32
 1 20 30 20 1 1 1 250000 10 2.91718864 F 8. -1 dc 35
 1 20 30 20 1 1 1 250000 10 2.91781759 F 8. -1 dc 36
 1 20 30 20 1 1 1 250000 10 2.91432571 F 8. -1 dc 37
 1 20 30 20 1 1 1 250000 10 2.79495978 F 8. -1 dc 38
 1 20 30 20 1 1 1 250000 10 3.20067739 F 8. -1 dc 39
 1 20 30 20 1 1 1 250000 10 3.11730909 F 8. -1 dc 40
 1 20 30 20 1 1 1 250000 10 13.725296  F 8. -1 omp_simd 1
 1 20 30 20 1 1 1 250000 10 13.8942404 F 8. -1 omp_simd 2
 1 20 30 20 1 1 1 250000 10 14.45751   F 8. -1 omp_simd 4
 1 20 30 20 1 1 1 250000 10 14.8094444 F 8. -1 omp_simd 8
 1 20 30 20 1 1 1 250000 10 17.0390053 F 8. -1 omp_simd 16
 1 20 30 20 1 1 1 250000 10 17.7725677 F 8. -1 omp_simd 38
 1 20 30 20 1 1 1 250000 10 14.868351  F 8. -1 omp_parallel_simd 1
 1 20 30 20 1 1 1 250000 10 14.9641008 F 8. -1 omp_parallel_simd 1
 1 20 30 20 1 1 1 250000 10 23.9543324 F 8. -1 omp_parallel_simd 2
 1 20 30 20 1 1 1 250000 10 27.1403236 F 8. -1 omp_parallel_simd 4
 1 20 30 20 1 1 1 250000 10 15.0951929 F 8. -1 do 1
 1 20 30 20 1 1 1 250000 10 18.7830639 F 8. -1 do 16
 1 20 30 20 1 1 1 250000 10 19.5551662 F 8. -1 do 38
 1 20 30 20 1 1 1 250000 10 14.5587168 F 8. -1 dc_no_threads 1
 1 20 30 20 1 1 1 250000 10 14.6999178 F 8. -1 dc_no_threads 2
 1 20 30 20 1 1 1 250000 10 15.2958899 F 8. -1 dc_no_threads 4
 1 20 30 20 1 1 1 250000 10 15.5205441 F 8. -1 dc_no_threads 8
 1 20 30 20 1 1 1 250000 10 16.536974  F 8. -1 dc_no_threads 16
 1 20 30 20 1 1 1 250000 10 17.2319851 F 8. -1 dc_no_threads 38
