 1 20 30 20 1 1 1 250000 10 15.3003244 F 8. -1 omp 1 parallel simd
 1 20 30 20 1 1 1 250000 10 21.9655495 F 8. -1 omp 4 parallel simd
 1 20 30 20 1 1 1 250000 10 26.5370541 F 8. -1 omp 16 parallel simd
 1 20 30 20 1 1 1 250000 10 41.560421 F 8. -1 omp 32 parallel simd
 1 20 30 20 1 1 1 250000 10 14.148386 F 8. -1 omp 1 simd
 1 20 30 20 1 1 1 250000 10 14.1440468 F 8. -1 omp 4 simd
 1 20 30 20 1 1 1 250000 10 14.1228609 F 8. -1 omp 16 simd
 1 20 30 20 1 1 1 250000 10 14.1433697 F 8. -1 omp 32 simd
 1 20 30 20 1 1 1 250000 10 14.8838224 F 8. -1 dc 1
 1 20 30 20 1 1 1 250000 10 9.47841263 F 8. -1 dc 4
 1 20 30 20 1 1 1 250000 10 4.60297871 F 8. -1 dc 16
 1 20 30 20 1 1 1 250000 10 3.62996316 F 8. -1 dc 32
 1 20 30 20 1 1 1 250000 10 15.5705233 F 8. -1 do 0
 1 20 30 20 1 1 1 250000 10 15.5848751 F 8. -1 do 0
 1 20 30 20 1 1 1 250000 10 4.59907103 F 8. -1 dc 16
 1 20 30 20 1 1 1 250000 10 3.71673679 F 8. -1 dc 16
 1 20 30 20 1 1 1 250000 10 3.70509458 F 8. -1 dc 16
 1 20 30 20 1 1 1 250000 10 14.8174973 F 8. -1 dc 1
 1 20 30 20 1 1 1 250000 10 8.7790575 F 8. -1 dc 2
 1 20 30 20 1 1 1 250000 10 6.01295948 F 8. -1 dc 4
 1 20 30 20 1 1 1 250000 10 4.63346195 F 8. -1 dc 8
 1 20 30 20 1 1 1 250000 10 3.71882844 F 8. -1 dc 16
 1 20 30 20 1 1 1 250000 10 3.21530008 F 8. -1 dc 32
 1 20 30 20 1 1 1 250000 10 3.12318182 F 8. -1 dc 40
# cascade lake
 1 20 30 20 1 1 1 250000 10 14.0178127 F 8. -1 dc 1
 1 20 30 20 1 1 1 250000 10 3.84763646 F 8. -1 dc 20
 1 20 30 20 1 1 1 250000 10 3.19748044 F 8. -1 dc 40
 1 20 30 20 1 1 1 250000 10 13.9393053 F 8. -1 dc 1
 1 20 30 20 1 1 1 250000 10 3.09131479 F 8. -1 dc 20
# run with -n x -d x+2
# ----- this is better
 1 20 30 20 1 1 1 250000 10 13.8729763 F 8. -1 dc 1
 1 20 30 20 1 1 1 250000 10 10.2437572 F 8. -1 dc 3
 1 20 30 20 1 1 1 250000 10 3.08167148 F 8. -1 dc 18
 1 20 30 20 1 1 1 250000 10 3.72469354 F 8. -1 dc 20
 1 20 30 20 1 1 1 250000 10 2.78275514 F 8. -1 dc 38
 1 20 30 20 1 1 1 250000 10 3.06828785 F 8. -1 dc 40
# run with -n x -d x+2 -j 2
 1 20 30 20 1 1 1 250000 10 14.0271931 F 8. -1 dc 1
 1 20 30 20 1 1 1 250000 10 12.4030514 F 8. -1 dc 3
 1 20 30 20 1 1 1 250000 10 3.37290359 F 8. -1 dc 18
 1 20 30 20 1 1 1 250000 10 4.04264736 F 8. -1 dc 20
 1 20 30 20 1 1 1 250000 10 2.96218109 F 8. -1 dc 38
 1 20 30 20 1 1 1 250000 10 3.36356854 F 8. -1 dc 40
# checking affinity
 1 20 30 20 1 1 1 250000 10 2.91790915 F 8. -1 dc 38
# with -j2
 1 20 30 20 1 1 1 250000 10 2.95877457 F 8. -1 dc 38
# ----- done checking affinity -----
# - checking increasing process count
 1 20 30 20 1 1 1 250000 10 13.951025 F 8. -1 dc 1
 1 20 30 20 1 1 1 250000 10 8.28309536 F 8. -1 dc 2
 1 20 30 20 1 1 1 250000 10 5.42846298 F 8. -1 dc 4
 1 20 30 20 1 1 1 250000 10 3.89041448 F 8. -1 dc 8
 1 20 30 20 1 1 1 250000 10 3.16993356 F 8. -1 dc 16
 1 20 30 20 1 1 1 250000 10 2.86185217 F 8. -1 dc 32
 1 20 30 20 1 1 1 250000 10 2.85175705 F 8. -1 dc 38
# --- differing OMP_NUM_THREADS
 1 20 30 20 1 1 1 250000 10 13.9734097 F 8. -1 dc 1
 1 20 30 20 1 1 1 250000 10 8.19882965 F 8. -1 dc 2
 1 20 30 20 1 1 1 250000 10 5.41619921 F 8. -1 dc 4
 1 20 30 20 1 1 1 250000 10 3.88876367 F 8. -1 dc 8
 1 20 30 20 1 1 1 250000 10 3.15445995 F 8. -1 dc 16
 1 20 30 20 1 1 1 250000 10 2.8657763 F 8. -1 dc 32
 1 20 30 20 1 1 1 250000 10 2.91718864 F 8. -1 dc 35
 1 20 30 20 1 1 1 250000 10 2.91781759 F 8. -1 dc 36
 1 20 30 20 1 1 1 250000 10 2.91432571 F 8. -1 dc 37
 1 20 30 20 1 1 1 250000 10 2.79495978 F 8. -1 dc 38
 1 20 30 20 1 1 1 250000 10 3.20067739 F 8. -1 dc 39
 1 20 30 20 1 1 1 250000 10 3.11730909 F 8. -1 dc 40
