 500 30 500 44 4 11 0 500 110.989372 1 1 O3
 500 30 500 44 4 11 0 500 112.588348 2 1 O3
 500 30 500 44 4 11 0 500 113.032372 4 1 O3
 500 30 500 44 4 11 0 500 118.93898 8 1 O3
 500 30 500 44 4 11 0 500 139.286041 16 1 O3
 500 30 500 44 4 11 0 500 111.471046 1 2 O3
 500 30 500 44 4 11 0 500 113.005272 2 2 O3
 500 30 500 44 4 11 0 500 114.063049 4 2 O3
 500 30 500 44 4 11 0 500 119.144424 8 2 O3
 500 30 500 44 4 11 0 500 135.314011 16 2 O3

 500 30 500 44 4 11 0 200 39.4841728 1 1 O3
 500 30 500 44 4 11 0 200 40.0755615 2 1 O3
 500 30 500 44 4 11 0 200 40.9371643 4 1 O3
 500 30 500 44 4 11 0 200 42.9349976 8 1 O3
 500 30 500 44 4 11 0 200 49.5658188 16 1 O3
 500 30 500 44 4 11 0 200 39.7900124 1 2 O3
 500 30 500 44 4 11 0 200 40.0312614 2 2 O3
 500 30 500 44 4 11 0 200 41.1309204 4 2 O3
 500 30 500 44 4 11 0 200 43.061573 8 2 O3
 500 30 500 44 4 11 0 200 49.3193359 16 2 O3

 2000 30 2000 44 4 11 0 200 564.681824 1 1 O3
 2000 30 2000 44 4 11 0 200 573.100647 2 1 O3
 2000 30 2000 44 4 11 0 200 571.318115 4 1 O3
 2000 30 2000 44 4 11 0 200 580.855774 8 1 O3
 2000 30 2000 44 4 11 0 200 608.839661 16 1 O3
 2000 30 2000 44 4 11 0 200 563.418396 1 2 O3
 2000 30 2000 44 4 11 0 200 565.935486 2 2 O3
 2000 30 2000 44 4 11 0 200 573.763794 4 2 O3
 2000 30 2000 44 4 11 0 200 579.947266 8 2 O3
 2000 30 2000 44 4 11 0 200 611.878479 16 2 O3
