 500  30 500  1   1  1  0 200 2112.78809 2 1 O?
 500  30 500  72  8  9  0 200 95.3479996 2 2 O?
 500  30 500  180 12 15 0 200 59.8930016 2 5 O?
 500  30 500  360 18 20 0 200 44.2410011 2 10 O?
 500  30 500  360 18 20 0 200 44.3470001 2 10 O?
 500  30 500  720 24 30 0 200 39.7140007 2 20 O?
 500  30 500  720 24 30 0 200 32.8520012 2 20 O?
 2000 30 2000 72  8  9  0 200 779.945984 2 2 O?
 2000 30 2000 180 12 15 0 200 379.820007 2 5 O?
 2000 30 2000 720 24 30 0 200 150.365997 2 20 O?
 2000 30 2000 720 24 30 0 200 167.929993 2 20 O?
 1280 30 1440 2   1  2  0 200 8091.68604 2 1 O?
 1280 30 1440 4   2  2  0 200 3992.26099 2 1 O?
 1280 30 1440 8   2  4  0 200 2030.63794 2 1 O?
 1280 30 1440 16  4  4  0 200 1053.56799 2 1 O?
 1280 30 1440 36  6  6  0 200 519.984985 2 1 O?
