#   160   30  180   72   8   9   0      200  28.9039993  2  2           O?  1
#   250   30  288   180  12  15  0      200  31.4169998  2  5           O?  1
#   375   30  384   360  18  20  0      200  33.8489990  2  10          O?  1
#   500   30  576   720  24  30  0      200  41.1100006  2  20          O?  1
#   500   30  576   720  24  30  0      200  34.7770004  2  20          O?  1
#   1280  30  1440  72   8   9   0      200  403.037994  2  2           O?  2
#   2250  30  2048  180  15  12  0      200  425.710999  2  5           O?  2
#   3000  30  3072  360  18  20  0      200  428.205994  2  10          O?  2
#   4096  30  4500  720  24  30  0      200  465.858002  2  20          O?  2
#   4096  30  4500  720  24  30  0      200  440.670013  2  20          O?  2
2   160   30  180   72   8   9   0      200  30.4470005  T  0.          1   
5   250   30  288   180  12  15  0      200  32.9410019  T  0.          1   
10  375   30  384   360  18  20  0      200  33.7779999  T  0.          1   
20  500   30  576   720  24  30  0      200  37.0279999  T  0.          1   
2   1280  30  1440  72   8   9   0      200  396.811005  T  0.          2   
5   2250  30  2048  180  15  12  0      200  428.464996  T  0.          2   
10  3000  30  3072  360  18  20  0      200  434.958008  T  0.          2   
20  4096  30  4500  720  24  30  0      200  447.955994  T  0.          2   
2   160   30  180   72   8   9   400    200  30.8959999  T  8.00000000  1   
5   250   30  288   180  12  15  400    200  33.4780006  T  8.00000000  1   
10  375   30  384   360  18  20  400    200  36.2490005  T  8.00000000  1   
20  500   30  576   720  24  30  400    200  38.1040001  T  8.00000000  1   
2   1280  30  1440  72   8   9   25600  200  500.670013  T  8.00000000  2   
5   2250  30  2048  180  15  12  25600  200  542.919006  T  8.00000000  2   
10  3000  30  3072  360  18  20  25600  200  545.025024  T  8.00000000  2   
20  4096  30  4500  720  24  30  25600  200  553.953979  T  8.00000000  2   
