1   500   30  500   1    1   1   0       200  2120.06592  F  0.0  -1
1   500   30  500   2    1   2   0       200  1072.82703  F  0.0  -1
2   500   30  500   72   8   9   0       200  96.9830017  F  0.0  -1
5   500   30  500   180  12  15  0       200  63.0950012  F  0.0  -1
10  500   30  500   360  18  20  0       200  44.0219994  F  0.0  -1
20  500   30  500   720  24  30  0       200  34.9239998  F  0.0  -1

2   2000  30  2000  72   8   9   0       200  762.788025  F  0.0  -1
5   2000  30  2000  180  12  15  0       200  384.328003  F  0.0  -1
10  2000  30  2000  360  18  20  0       200  240.813995  F  0.0  -1
20  2000  30  2000  720  24  30  0       200  154.776001  F  0.0  -1

1   500   30  500   1    1   1   250000  200  2399.00806  T  8.0  -1
1   500   30  500   2    1   2   125000  200  1229.33203  T  8.0  -1
1   500   30  500   4    2   2   62500   200  618.416992  T  8.0  -1
1   500   30  500   8    2   4   31250   200  322.332001  T  8.0  -1
1   500   30  500   16   4   4   15625   200  171.987000  T  8.0  -1
1   500   30  500   36   6   6   6944    200  91.2939987  T  8.0  -1
2   500   30  500   72   8   9   3472    200  108.750000  T  8.0  -1
5   500   30  500   180  12  15  1389    200  65.5749969  T  8.0  -1
10  500   30  500   360  18  20  694     200  47.4129982  T  8.0  -1
20  500   30  500   720  24  30  347     200  36.2729988  T  8.0  -1

1   2000  30  2000  8    2   4   500000  200  5160.48291  T  8.0  -1
1   2000  30  2000  16   4   4   250000  200  2673.71289  T  8.0  -1
1   2000  30  2000  36   6   6   111111  200  1375.27905  T  8.0  -1
2   2000  30  2000  72   8   9   55556   200  953.202026  T  8.0  -1
5   2000  30  2000  180  12  15  22222   200  468.115997  T  8.0  -1
10  2000  30  2000  360  18  20  11111   200  283.951996  T  8.0  -1
20  2000  30  2000  720  24  30  5556    200  180.862000  T  8.0  -1



#   500   30  500   1    1   1   0       200  2112.78809  2  1           O?
#   500   30  500   72   8   9   0       200  95.3479996  2  2           O?
#   500   30  500   180  12  15  0       200  59.8930016  2  5           O?
#   500   30  500   360  18  20  0       200  44.2410011  2  10          O?
#   500   30  500   360  18  20  0       200  44.3470001  2  10          O?
#   500   30  500   720  24  30  0       200  39.7140007  2  20          O?
#   500   30  500   720  24  30  0       200  32.8520012  2  20          O?
#   2000  30  2000  72   8   9   0       200  779.945984  2  2           O?
#   2000  30  2000  180  12  15  0       200  379.820007  2  5           O?
#   2000  30  2000  720  24  30  0       200  150.365997  2  20          O?
#   2000  30  2000  720  24  30  0       200  167.929993  2  20          O?
# -- old/first particle runs --
# 1   500   30  500   1    1   1   250000  200  2406.21802  T  8.00000000  -1
# 1   500   30  500   2    1   2   125000  200  1228.60498  T  8.00000000  -1
# 1   500   30  500   4    2   2   62500   200  616.447021  T  8.00000000  -1
# 2   500   30  500   72   8   9   3472    200  108.439003  T  8.00000000  -1
# 5   500   30  500   180  12  15  1389    200  61.3730011  T  8.00000000  -1
# 20  500   30  500   720  24  30  347     200  35.6940002  T  8.00000000  -1
