 500  30 500  720 24 30 0 200 39.7140007 2 20 O?
 2000 30 2000 720 24 30 0 200 167.929993 2 20 O?
 500  30 576  720 24 30 0 200 41.1100006 2 20 O?
 4096 30 4500 720 24 30 0 200 465.858002 2 20 O?
 500  30 500  180 12 15 0 200 59.8930016 2 5 O?
 500  30 500  360 18 20 0 200 44.2410011 2 10 O?
 500  30 500  72  8  9  0 200 95.3479996 2 2 O?
 500  30 500  720 24 30 0 200 32.8520012 2 20 O?
 500  30 500  360 18 20 0 200 44.3470001 2 10 O?
 375  30 384  360 18 20 0 200 33.8489990 2 10 O?
 2000 30 2000 720 24 30 0 200 150.365997 2 20 O?
 500  30 576  720 24 30 0 200 34.7770004 2 20 O?
 2000 30 2000 180 12 15 0 200 379.820007 2 5 O?
 250  30 288  180 12 15 0 200 31.4169998 2 5 O?
 3000 30 3072 360 18 20 0 200 428.205994 2 10 O?
 4096 30 4500 720 24 30 0 200 440.670013 2 20 O?
 2000 30 2000 72  8  9  0 200 779.945984 2 2 O?
 160  30 180  72  8  9  0 200 28.9039993 2 2 O?
 2250 30 2048 180 15 12 0 200 425.710999 2 5 O?
 1280 30 1440 72  8  9  0 200 403.037994 2 2 O?
 500  30 500  1   1  1  0 200 2112.78809 2 1 O?
 1280 30 1440 2   1  2  0 200 8091.68604 2 1 O?
 1280 30 1440 4   2  2  0 200 3992.26099 2 1 O?
 1280 30 1440 8   2  4  0 200 2030.63794 2 1 O?
 1280 30 1440 16  4  4  0 200 1053.56799 2 1 O?
 1280 30 1440 36  6  6  0 200 519.984985 2 1 O?


	500		30	500		1   1         1     0 200 2120.06592  T
	500		30	500		2   1         2     0 200 1072.82703  T
	500		30	500		72	8         9		  0 200 96.9830017  T
	500		30	500		180 12				15		0 200 63.0950012  T
	500		30	500		360 18				20		0 200 44.0219994  T
	500		30	500		720 24				30		0 200 34.9239998  T
	2000	30	2000	72	8         9			0 200 762.788025  T
	2000	30	2000	180 12				15		0 200 384.328003  T
	2000	30	2000	360 18				20		0 200 240.813995  T
	2000	30	2000	720 24				30		0 200 154.776001  T

	160		30	180		72	8         9			0 200 30.4470005  T
	1280	30	1440	72	8         9			0 200 396.811005  T
	250		30	288		180 12				15		0 200 32.9410019  T
	2250	30	2048	180 15				12		0 200 428.464996  T
	375		30	384		360 18				20		0 200 33.7779999  T
	3000	30	3072	360 18				20		0 200 434.958008  T
	500		30	576		720 24				30		0 200 37.0279999  T
	4096	30	4500	720 24				30		0 200 447.955994  T
