1 500 30 500 1 1 1 0 200 715.443726 N 0. -1
1 500 30 500 2 1 2 0 200 457.972443 N 0. -1
1 500 30 500 4 2 2 0 200 291.616058 N 0. -1
1 500 30 500 8 2 4 0 200 173.949631 N 0. -1
1 500 30 500 16 4 4 0 200 107.176582 N 0. -1
1 500 30 500 36 6 6 0 200 48.5645523 N 0. -1
1 500 30 500 44 4 11 0 200 40.0755615 N 0. -1
2 500 30 500 88 8 11 0 200 20.7276707 N 0. -1
4 500 30 500 176 16 11 0 200 10.8375807 N 0. -1
8 500 30 500 352 16 22 0 200 5.86725235 N 0. -1
16 500 30 500 704 32 22 0 200 3.45118284 N 0. -1

1 2000 30 2000 1 1 1 0 200 10673.1074 N 0. -1
1 2000 30 2000 2 1 2 0 200 6843.08057 N 0. -1
1 2000 30 2000 4 2 2 0 200 4132.80762 N 0. -1
1 2000 30 2000 8 2 4 0 200 2301.73291 N 0. -1
1 2000 30 2000 16 4 4 0 200 1361.63586 N 0. -1
1 2000 30 2000 44 4 11 0 200 569.670288 N 0. -1
2 2000 30 2000 88 8 11 0 200 287.11673 N 0. -1
4 2000 30 2000 176 16 11 0 200 141.133911 N 0. -1
8 2000 30 2000 352 16 22 0 200 64.4918823 N 0. -1
16 2000 30 2000 704 32 22 0 200 32.1282272 N 0. -1

 1 500 30 500 1 1 1 250000 200 1069.5127 T 8. -1
 1 500 30 500 2 1 2 125000 200 553.673706 T 8. -1
 1 500 30 500 4 2 2 62500 200 297.491211 T 8. -1
 1 500 30 500 8 2 4 31250 200 177.470108 T 8. -1
 1 500 30 500 16 4 4 15625 200 114.954666 T 8. -1
 1 500 30 500 32 4 8 7812 200 62.6449089 T 8. -1
 1 500 30 500 44 4 11 5682 200 44.0262527 T 8. -1
 2 500 30 500 88 8 11 2841 200 19.6370945 T 8. -1
 4 500 30 500 176 16 11 1420 200 10.0874434 T 8. -1
 8 500 30 500 352 16 22 710 200 5.19403267 T 8. -1
 16 500 30 500 704 32 22 355 200 3.11337066 T 8. -1

 1 2000 30 2000 2 1 2 2000000 200 9984.2041 T 8. -1
 1 2000 30 2000 8 2 4 500000 200 2978.08691 T 8. -1
 1 2000 30 2000 16 4 4 250000 200 1860.64209 T 8. -1
 1 2000 30 2000 32 4 8 125000 200 1046.30054 T 8. -1
 1 2000 30 2000 44 4 11 90909 200 762.043274 T 8. -1
 2 2000 30 2000 88 8 11 45455 200 385.659668 T 8. -1
 4 2000 30 2000 176 16 11 22727 200 197.060928 T 8. -1
 8 2000 30 2000 352 16 22 11364 200 98.2516251 T 8. -1
 16 2000 30 2000 704 32 22 5682 200 49.8714714 T 8. -1
