 500 30 500 1 1 1 0 500 2199.09399 1
 500 30 500 2 1 2 0 500 1340.74231 1
 500 30 500 4 2 2 0 500 765.623169 1
 500 30 500 8 2 4 0 500 484.960205 1
 500 30 500 16 4 4 0 500 302.965973 1
 500 30 500 32 4 8 0 500 153.21312 2
 500 30 500 32 4 8 0 500 153.011292 1
 500 30 500 44 4 11 0 500 112.785522 1
 2000 30 2000 1 1 1 0 500 12117.832 1
 2000 30 2000 4 2 2 0 500 10896.7646 1
 2000 30 2000 8 2 4 0 500 6494.99316 1
 2000 30 2000 16 4 4 0 500 4083.75464 1
 2000 30 2000 32 4 8 0 500 2155.10205 1
 2000 30 2000 44 4 11 0 500 1599.25916 1
 2000 30 2000 64 8 8 0 500 3983.52393 2 "aprun -n 64 ./test-ideal"
 2000 30 2000 88 8 11 0 500 2938.9519	2 "aprun -n 88 ./test-ideal"
 2000 30 2000 88 8 11 0 500 2970.51709 2 "aprun -n 88 ./test-ideal"
 2000 30 2000 132 11 12 0 500 2056.5332 3 "aprun -n 132 ./test-ideal"
