1 20 30 20 1 1 1 0 200 1.52185524 T 0. 1
1 20 30 20 1 1 1 0 200 1.15407407 T 8. 1
1 25 30 32 2 1 2 0 200 1.30233443 T 8. 1
1 40 30 40 4 2 2 0 200 1.53557444 T 8. 1
1 50 30 64 8 2 4 0 200 1.72659254 T 8. 1
1 80 30 80 16 4 4 0 200 1.94843602 T 8. 1
1 100 30 128 32 4 8 0 200 1.95700395 T 8. 1
1 160 30 110 44 11 4 0 200 2.10953712 T 8. 1
2 176 30 200 88 8 11 0 200 2.57918072 T 8. -1
4 256 30 275 176 11 16 0 200 2.05048442 T 8. -1
8 352 30 400 352 16 22 0 200 2.68594885 T 8. -1
16 512 30 550 704 22 32 0 200 2.16543341 T 8. -1

#1 160 30 110 44 11 4 0 200 3.58700442 T 0. 1
#2 176 30 200 88 8 11 0 200 3.88992667 T 0. 1
#4 256 30 275 176 11 16 0 200 3.33664322 T 0. 1
#8 352 30 400 352 16 22 0 200 3.60768342 T 0. 1
#16 512 30 550 704 22 32 0 200 3.06957078 T 0. 1

1 160 30 160 1 1 1 0 200 95.5398865 T 0. 2
1 160 30 160 1 1 1 0 200 79.3074188 T 8. 2
1 200 30 256 2 1 2 0 200 84.0168991 T 8. 2
1 320 30 320 4 2 2 0 200 93.032341 T 8. 2
1 400 30 512 8 2 4 0 200 118.488701 T 8. 2
1 640 30 640 16 4 4 0 200 143.478561 T 8. 2
1 800 30 1024 32 4 8 0 200 162.369751 T 8. 2
1 1024 30 1100 44 4 11 0 200 156.897278 T 8. 2
# 1 1024 30 1100 44 4 11 0 200 166.564484 T 0. 2
2 1408 30 1600 88 8 11 0 200 159.256989 T 0. 2
4 2048 30 2200 176 11 16 0 200 159.314148 T 0. 2
8 2816 30 3200 352 16 22 0 200 159.771072 T 0. 2
16 4096 30 4400 704 22 32 0 200 149.381119 T 0. 2

1 20 30 20 1 1 1 400 200 1.37305892 T 8. 1
1 25 30 32 2 1 2 400 200 1.48639989 T 8. 1
1 40 30 40 4 2 2 400 200 1.73600912 T 8. 1
1 50 30 64 8 2 4 400 200 2.00113893 T 8. 1
1 80 30 80 16 4 4 400 200 2.25863862 T 8. 1
1 100 30 128 32 4 8 400 200 2.29454803 T 8. 1
1 160 30 110 44 11 4 400 200 2.47869539 T 8. 1
2 176 30 200 88 8 11 400 200 3.05820394 T 8. 1
#2 176 30 200 88 8 11 400 200 3.03549981 T 8. -1
4 256 30 275 176 11 16 400 200 2.58427238 T 8. 1
#4 256 30 275 176 11 16 400 200 2.59704614 T 8. -1
8 352 30 400 352 16 22 400 200 3.16544819 T 8. 1
#8 352 30 400 352 16 22 400 200 3.1606915 T 8. -1
16 512 30 550 704 22 32 400 200 2.79193521 T 8. 1
#16 512 30 550 704 22 32 400 200 2.78717852 T 8. -1

1 160 30 160 1 1 1 25600 200 95.3444519 T 8. 2
1 200 30 256 2 1 2 25600 200 101.380104 T 8. 2
1 320 30 320 4 2 2 25600 200 117.265869 T 8. 2
1 400 30 512 8 2 4 25600 200 150.960602 T 8. 2
1 640 30 640 16 4 4 25600 200 186.497009 T 8. 2
1 800 30 1024 32 4 8 25600 200 215.920883 T 8. 2
1 1024 30 1100 44 4 11 25600 200 210.977829 T 8. 2
2 1408 30 1600 88 8 11 25600 200 217.697708 T 8. 2
4 2048 30 2200 176 11 16 25600 200 216.369095 T 8. 2
8 2816 30 3200 352 16 22 25600 200 221.320221 T 8. 2
16 4096 30 4400 704 22 32 25600 200 217.018082 T 8. 2
