 500 30 500 44 4 11 0 200 40.0755615 2 1 O3

 2000 30 2000 16 4 4 0 200 1361.63586 2 1 O3
 2000 30 2000 44 4 11 0 200 569.670288 2 1 O3
 2000 30 2000 88 8 11 0 200 287.11673 2 2 O3
 2000 30 2000 176 16 11 0 200 141.133911 2 4 O3
 2000 30 2000 352 16 22 0 200 64.4918823 2 8 O3
 2000 30 2000 704 32 22 0 200 32.1282272 2 16 O3
 2000 30 2000 16 4 4 0 200 1361.63586 2 1 O3
 2000 30 2000 8 2 4 0 200 2301.73291 2 1 O3
 2000 30 2000 4 2 2 0 200 4132.80762 2 1 O3
 2000 30 2000 2 1 2 0 200 6843.08057 2 1 O3
