 500 30 500 44 4 11 1 200 32.5819855 1
 500 30 500 44 4 11 1000 200 32.3779716 1
 500 30 500 44 4 11 10000 200 33.7060623 1
 500 30 500 44 4 11 25000 200 35.5054016 1
 500 30 500 44 4 11 50000 200 38.5324097 1
 500 30 500 44 4 11 100000 200 45.8961258 1
 500 30 500 44 4 11 200000 200 54.751812 1
 500 30 500 44 4 11 500000 200 90.1268387 1
 500 30 500 44 4 11 1000000 200 154.428909 1
 500 30 500 44 4 11 2000000 200 282.799164 1
 500 30 500 44 4 11 1 200 32.6187134 2
 500 30 500 44 4 11 1 200 32.57761 2
 500 30 500 44 4 11 1 200 32.7955513 2
 500 30 500 44 4 11 1000 200 33.8359642 2
 500 30 500 44 4 11 10000 200 43.9677429 2
