 1 500 30 500 44 4 11 113636 200 236.947723 T 16. 19148617
 1 500 30 500 44 4 11 113636 200 295.340729 F 16. 19141280
 1 200 30 200 44 4 11 113636 200 202.192047 T 16. -1
 1 200 30 200 44 4 11 113636 200 202.745422 T 16. 47902471
 1 200 30 200 44 4 11 113636 200 202.769394 T 16. 47902471
 1 200 30 200 44 4 11 113636 200 183.089935 T 0. -1
 1 200 30 200 44 4 11 113636 200 196.6483 T 1. -1
 1 200 30 200 44 4 11 113636 200 198.675446 T 2. -1
 1 200 30 200 44 4 11 113636 200 199.117065 T 4. -1
 1 200 30 200 44 4 11 113636 200 199.987885 T 8. -1
 1 200 30 200 44 4 11 113636 200 201.773544 T 16. -1
 1 200 30 200 44 4 11 113636 200 204.053589 T 32. -1
 1 200 30 200 44 4 11 113636 200 208.74614 T 64. -1
