         500          30         500          16           4           4          25         500   961.833984    
         500          30         500          16           4           4          50         500   963.083008    
         500          30         500          16           4           4          50         500   960.903015    
         500          30         500          16           4           4         200         500   966.875977    
         500          30         500          16           4           4         500         500   961.265015    
         500          30         500          16           4           4         750         500   959.171021    
         500          30         500          16           4           4        1000         500   963.950012    
         500          30         500          16           4           4        2000         500   964.362976    
         500          30         500          16           4           4        4000         500   963.505981    
         500          30         500          16           4           4        7500         500   960.034973    
         500          30         500          16           4           4       10000         500   968.716980    
         500          30         500          16           4           4           0         500   960.406006    
         500          30         500          16           4           4           1         500   958.348999    
         500          30         500          16           4           4       15000         500   965.968018    
         500          30         500          16           4           4       20000         500   962.924011    
         500          30         500          16           4           4       30000         500   963.393005    
         500          30         500          16           4           4       50000         500   962.161011    
         500          30         500          16           4           4      100000         500   984.445984    
         500          30         500          16           4           4      200000         500   976.263000    
         500          30         500          16           4           4      400000         500   998.106995    
         500          30         500          16           4           4      800000         500   1046.50903    
         500          30         500          16           4           4     1000000         500   1067.09900    
         500          30         500          16           4           4     1500000         500   1124.41699    
         500          30         500          16           4           4     2000000         500   1189.76099    
         500          30         500          16           4           4     2500000         500   1239.19800    
