         500          30         500           1           1           1          25         500 6208.270
         500          30         500           2           1           2          25         500 3504.581
         500          30         500           4           2           2          25         500 1974.213
         500          30         500           8           2           4          25         500 1335.011
         500          30         500          12           3           4          25         500 1128.677
         500          30         500          16           4           4          25         500  943.596
        2000          30        2000           1           1           1          25         500   64763.5195    
        2000          30        2000           2           1           2          25         500   41495.4766    
        2000          30        2000           4           2           2          25         500   24859.2871    
        2000          30        2000           8           2           4          25         500   15348.1279    
        2000          30        2000          12           3           4          25         500   11353.3691    
        2000          30        2000          16           4           4          25         500   10480.5576    
        2000          30        2000          20           4           5          25         500   30222.1074    
        2000          30        2000          24           4           6          25         500   19987.0156    
        2000          30        2000          28           4           7          25         500   24590.8438    
