          20          20          20           2           2
           1           0           1 T F   5.23074865       2.75166893       8.24851704      0.500000000      0.500000000       0.00000000       62792.5156       262.610107       0.00000000    
           2           0   536870912 T F   18.5551319       9.93113422       12.7519903      0.500000000      0.500000000       0.00000000       43683.6055       236.718338       0.00000000    
           3           0  1073741823 T F   7.77645826       14.2315960       2.68613911      0.500000000      0.500000000       0.00000000       292.144928      0.973816395       0.00000000    
           4           0  1610612734 T F   19.8622952       15.0522203       6.19806576      0.500000000      0.500000000       0.00000000       261.816223      0.872720718       0.00000000    
           1           1           1 T F   5.73074865       3.25166893       8.24851704      0.500000000      0.500000000       0.00000000       62792.5156       262.610107       0.00000000    
           2           1   536870912 T F   19.0551319       10.4311342       12.7519903      0.500000000      0.500000000       0.00000000       43683.6055       236.718338       0.00000000    
           3           1  1073741823 T F   8.27645874       14.7315960       2.68613911      0.500000000      0.500000000       0.00000000       292.144928      0.973816395       0.00000000    
           4           1  1610612734 T F   20.3622952       15.5522203       6.19806576      0.500000000      0.500000000       0.00000000       261.816223      0.872720718       0.00000000    
           1           2           1 T F   6.23074865       3.75166893       8.25174332      0.500000000      0.500000000       0.00000000       62792.5156       262.610107       3.22610047E-03
           2           2   536870912 T F   19.5551319       10.9311342       12.7310085      0.500000000      0.500000000       0.00000000       43683.6055       236.718338      -2.09816881E-02
           3           2  1073741823 T F   8.77645874       15.2315960       2.69862580      0.500000000      0.500000000       0.00000000       292.144928      0.973816395       1.24866618E-02
           4           2  1610612734 T F   20.8622952       16.0522194       6.17380476      0.500000000      0.500000000       0.00000000       261.816223      0.872720718      -2.42609903E-02
           1           3           1 T F   6.73074865       4.25166893       8.26108742      0.500000000      0.500000000       0.00000000       62792.5156       262.610107       9.34435613E-03
           2           3   536870912 T F   20.0551319       11.4311342       12.6890450      0.500000000      0.500000000       0.00000000       43683.6055       236.718338      -4.19633761E-02
           3           3  1073741823 T F   9.27645874       15.7315960       2.72178817      0.500000000      0.500000000       0.00000000       292.144928      0.973816395       2.31622830E-02
           4           3  1610612734 T F   21.3622952       16.5522194       6.11184597      0.500000000      0.500000000       0.00000000       261.816223      0.872720718      -6.19585924E-02
           1           4           1 T F   7.23074865       4.75166893       8.28487968      0.500000000      0.500000000       0.00000000       62792.5156       262.610107       2.37921439E-02
           2           4   536870912 T F   20.5551319       11.9311342       12.6110992      0.500000000      0.500000000       0.00000000       43683.6055       236.718338      -7.79458061E-02
           3           4  1073741823 T F   9.77645874       16.2315960       2.77292776      0.500000000      0.500000000       0.00000000       292.144928      0.973816395       5.11396527E-02
           4           4  1610612734 T F   21.8622952       17.0522194       5.99160051      0.500000000      0.500000000       0.00000000       261.816223      0.872720718     -0.120245680    
           1           5           1 T F   7.73074865       5.25166893       8.32991219      0.500000000      0.500000000       0.00000000       62792.5156       262.610107       4.50322144E-02
           3           5  1073741823 T F   10.2764587       16.7315960       2.84671617      0.500000000      0.500000000       0.00000000       292.144928      0.973816395       7.37884343E-02
           4           5  1610612734 T T   21.0551319       12.4311342       12.4971714      0.500000000      0.500000000       0.00000000       43683.6055       236.718338     -0.276819050    
           1           6           1 T F   8.23074913       5.75166893       8.41115284      0.500000000      0.500000000       0.00000000       62792.5156       262.610107       8.12406167E-02
           3           6  1073741823 T F   10.7764587       17.2315960       2.96122646      0.500000000      0.500000000       0.00000000       292.144928      0.973816395      0.114510275    
           1           7           1 T F   8.73074913       6.25166893       8.53969479      0.500000000      0.500000000       0.00000000       62792.5156       262.610107      0.128541678    
           4           7  1610612734 T T   11.2764587       17.7315960       3.10614681      0.500000000      0.500000000       0.00000000       292.144928      0.973816395       1475.31848    
           1           8           1 T F   9.23074913       6.75166893       8.73683739      0.500000000      0.500000000       0.00000000       62792.5156       262.610107      0.197142780    
           1           9           1 T F   9.73074913       7.25166893       9.01648235      0.500000000      0.500000000       0.00000000       62792.5156       262.610107      0.279645383    
           1          10           1 T F   10.2307491       7.75166893       9.49941730      0.500000000      0.500000000       0.00000000       62792.5156       262.610107      0.482934773    
           1          11           1 T F   10.7307491       8.25166893       10.1994467      0.500000000      0.500000000       0.00000000       62792.5156       262.610107      0.700029671    
           2          12   536870912 T T   11.2307491       8.75166893       11.2420025      0.500000000      0.500000000       0.00000000       62792.5156       262.610107     -0.113928236    
           2          13   536870912 T T   11.7307491       9.25166893       11.4171038      0.500000000      0.500000000       0.00000000       62792.5156       262.610107      0.175101548    
           2          14   536870912 T T   12.2307491       9.75166893       11.8817825      0.500000000      0.500000000       0.00000000       62792.5156       262.610107      0.464678973    
           2          15   536870912 T T   12.7307491       10.2516689       12.9307384      0.500000000      0.500000000       0.00000000       62792.5156       262.610107       1.04895568    
           2          16   536870912 T T   13.2307491       10.7516689       14.6874475      0.500000000      0.500000000       0.00000000       62792.5156       262.610107       1.75670874    
           2          17   536870912 T T   13.7307491       11.2516689       17.3743553      0.500000000      0.500000000       0.00000000       62792.5156       262.610107       2.68690681    
