          20          20          20           2           2
           1           0           0 T F   6.30101728       2.59184694       2.04578042      0.500000000      0.500000000       0.00000000       312.384705       91309.6094       295.221558       300.000000       0.00000000       1.54726682E-02   62249.5977    
           2           0   536870911 T F   19.1563644       3.51965761       4.53853893      0.500000000      0.500000000       0.00000000       273.881622       75945.2188       280.065063       300.000000       0.00000000       6.79596514E-03   62173.8438    
           3           0  1073741822 T F   3.59382677       18.4376831       11.1065903      0.500000000      0.500000000       0.00000000       300.000000       249.599411      0.840318024       4.62017632       0.00000000       8.40779079E-45         Infinity
           4           0  1610612733 T F   16.3868370       11.0245142       6.86050081      0.500000000      0.500000000       0.00000000       250.495117       67020.1484       270.226227       300.000000       0.00000000       3.55547830E-03   62079.1836    
           1           1           0 T F   6.42601728       2.71684694       2.04587841      0.500000000      0.500000000       0.00000000       312.384705       91309.0938       295.221069       295.221558       4.90330458E-02   1.54726682E-02   62249.5977    
           2           1   536870911 T F   19.2813644       3.64465761       4.53854370      0.500000000      0.500000000       0.00000000       273.881622       75944.7656       280.064575       280.065063       4.90332022E-02   6.79596514E-03   62173.8438    
           3           1  1073741822 T F   3.71882677       18.5626831       11.1066713      0.500000000      0.500000000       0.00000000       300.000000       249.101837      0.839827716      0.840307236       4.90332134E-02   8.40779079E-45         Infinity
           4           1  1610612733 T F   16.5118370       11.1495142       6.86050558      0.500000000      0.500000000       0.00000000       250.495117       67019.7344       270.225739       270.226227       4.90332395E-02   3.55547830E-03   62079.1836    
           1           2           0 T F   6.55101728       2.84184694       2.04607463      0.500000000      0.500000000       0.00000000       312.384705       91308.0547       295.220093       295.221069       9.80579033E-02   1.54726682E-02   62249.5977    
           2           2   536870911 T F   19.4063644       3.76965761       4.53855324      0.500000000      0.500000000       0.00000000       273.881622       75943.8594       280.063599       280.064545       9.80577692E-02   6.79596514E-03   62173.8438    
           3           2  1073741822 T F   3.84382677       18.6876831       11.1068287      0.500000000      0.500000000       0.00000000       300.000000       248.137390      0.838875949      0.839807332       9.51768309E-02   8.40779079E-45         Infinity
           4           2  1610612733 T F   16.6368370       11.2745142       6.86051512      0.500000000      0.500000000       0.00000000       250.495117       67018.9062       270.224762       270.225708       9.80575308E-02   3.55547830E-03   62079.1836    
           1           3           0 T F   6.67601728       2.96684694       2.04636884      0.500000000      0.500000000       0.00000000       312.384705       91306.5000       295.218628       295.220062      0.147066370       1.54726682E-02   62249.5977    
           2           3   536870911 T F   19.5313644       3.89465761       4.53856754      0.500000000      0.500000000       0.00000000       273.881622       75942.5000       280.062134       280.063568      0.147065073       6.79596514E-03   62173.8438    
           3           3  1073741822 T F   3.96882677       18.8126831       11.1070528      0.500000000      0.500000000       0.00000000       300.000000       246.765961      0.837518811      0.838847637      0.135711268       8.40779079E-45         Infinity
           4           3  1610612733 T F   16.7618370       11.3995142       6.86052942      0.500000000      0.500000000       0.00000000       250.495117       67017.6641       270.223297       270.224731      0.147063926       3.55547830E-03   62079.1836    
           1           4           0 T F   6.80101728       3.09184694       2.04676104      0.500000000      0.500000000       0.00000000       312.384705       91304.4297       295.216675       295.218597      0.196050271       1.54726682E-02   62249.5977    
           2           4   536870911 T F   19.6563644       4.01965761       4.53858709      0.500000000      0.500000000       0.00000000       273.881622       75940.6875       280.060181       280.062073      0.196046472       6.79596514E-03   62173.8438    
           3           4  1073741822 T F   4.09382677       18.9376831       11.1073313      0.500000000      0.500000000       0.00000000       300.000000       245.072388      0.835836351      0.837484539      0.168247506       8.40779079E-45         Infinity
           4           4  1610612733 T F   16.8868370       11.5245142       6.86054897      0.500000000      0.500000000       0.00000000       250.495117       67016.0000       270.221344       270.223267      0.196043476       3.55547830E-03   62079.1836    
           1           5           0 T F   6.92601728       3.21684694       2.04726124      0.500000000      0.500000000       0.00000000       312.384705       91301.7891       295.214172       295.216614      0.250055492       1.54726682E-02   62249.5977    
           2           5   536870911 T F   19.7813644       4.14465761       4.53861141      0.500000000      0.500000000       0.00000000       273.881622       75938.3984       280.057709       280.060120      0.247252956       6.79596514E-03   62173.8438    
           3           5  1073741822 T F   4.21882677       19.0626831       11.1076536      0.500000000      0.500000000       0.00000000       300.000000       243.122314      0.833889604      0.835797489      0.194677562       8.40779079E-45         Infinity
           4           5  1610612733 T F   17.0118370       11.6495142       6.86057329      0.500000000      0.500000000       0.00000000       250.495117       67013.9219       270.218903       270.221313      0.244987234       3.55547830E-03   62079.1836    
           1           6           0 T F   7.05101728       3.34184694       2.04786921      0.500000000      0.500000000       0.00000000       312.384705       91298.5781       295.211121       295.214081      0.304018706       1.54726682E-02   62249.5977    
           2           6   536870911 T F   19.9063644       4.26965761       4.53864098      0.500000000      0.500000000       0.00000000       273.881622       75935.6328       280.054718       280.057648      0.298415691       6.79596514E-03   62173.8438    
           3           6  1073741822 T F   4.34382677       19.1876831       11.1079540      0.500000000      0.500000000       0.00000000       300.000000       241.314240      0.832074344      0.833852947      0.181525111       8.40779079E-45         Infinity
           4           6  1610612733 T F   17.1368370       11.7745142       6.86060238      0.500000000      0.500000000       0.00000000       250.495117       67011.4297       270.215973       270.218842      0.293886244       3.55547830E-03   62079.1836    
           1           7           0 T F   7.17601728       3.46684694       2.04859090      0.500000000      0.500000000       0.00000000       312.384705       91294.7656       295.207520       295.211060      0.360892296       1.54726682E-02   62249.5977    
           2           7   536870911 T F   20.0313644       4.39465761       4.53867531      0.500000000      0.500000000       0.00000000       273.881622       75932.3984       280.051208       280.054626      0.349525511       6.79596514E-03   62173.8438    
           3           7  1073741822 T F   4.46882677       19.3126831       11.1082153      0.500000000      0.500000000       0.00000000       300.000000       239.751480      0.830497086      0.832042038      0.157727435       8.40779079E-45         Infinity
           4           7  1610612733 T F   17.2618370       11.8995142       6.86063623      0.500000000      0.500000000       0.00000000       250.495117       67008.5234       270.212555       270.215912      0.342731565       3.55547830E-03   62079.1836    
           1           8           0 T F   7.30101728       3.59184694       2.04942632      0.500000000      0.500000000       0.00000000       312.384705       91290.3516       295.203339       295.207428      0.417705387       1.54726682E-02   62249.5977    
           2           8   536870911 T F   20.1563644       4.51965761       4.53871441      0.500000000      0.500000000       0.00000000       273.881622       75928.7188       280.047241       280.051117      0.397432059       6.79596514E-03   62173.8438    
           3           8  1073741822 T F   4.59382677       19.4376831       11.1084213      0.500000000      0.500000000       0.00000000       300.000000       238.521820      0.829250276      0.830470920      0.124680266       8.40779079E-45         Infinity
           4           8  1610612733 T F   17.3868370       12.0245142       6.86067486      0.500000000      0.500000000       0.00000000       250.495117       67005.2031       270.208649       270.212494      0.391514242       3.55547830E-03   62079.1836    
           1           9           0 T F   7.42601728       3.71684694       2.05037522      0.500000000      0.500000000       0.00000000       312.384705       91285.3359       295.198608       295.203247      0.474448204       1.54726682E-02   62249.5977    
           2           9   536870911 T F   20.2813644       4.64465761       4.53875828      0.500000000      0.500000000       0.00000000       273.881622       75924.5938       280.042786       280.047150      0.445268452       6.79596514E-03   62173.8438    
           3           9  1073741822 T F   4.71882677       19.5626831       11.1085606      0.500000000      0.500000000       0.00000000       300.000000       237.693222      0.828407049      0.829232097       8.43214393E-02   8.40779079E-45         Infinity
           4           9  1610612733 T F   17.5118370       12.1495142       7.01211929      0.500000000      0.500000000       0.00000000       250.495117       54015.2617       254.875381       271.081909       1533.32715       3.55547830E-03   62079.1836    
           1          10           0 T F   7.55101728       3.84184694       2.05143738      0.500000000      0.500000000       0.00000000       312.384705       91279.7266       295.193298       295.198486      0.531111538       1.54726682E-02   62249.5977    
           2          10   536870911 T F   20.4063644       4.76965761       4.53880692      0.500000000      0.500000000       0.00000000       273.881622       75920.0234       280.037842       280.042664      0.493026078       6.79596514E-03   62173.8438    
           3          10  1073741822 T F   4.84382677       19.6876831       11.1086254      0.500000000      0.500000000       0.00000000       300.000000       237.310745      0.828016877      0.828398407       3.90176810E-02   8.40779079E-45         Infinity
           4          10  1610612733 T F   17.6368370       12.2745142       7.30907536      0.500000000      0.500000000       0.00000000       250.495117       32246.9082       224.809509       260.555084       3006.58740       3.55547830E-03   62079.1836    
           1           0           0 T F   1.59043431       6.92604589       17.1583424      0.500000000      0.500000000       0.00000000       153.688385       33809.7031       222.188553       300.000000       0.00000000       4.69537445E-05   62230.0117    
           2           0   536870911 T F   19.8802967       1.58655679       18.9037685      0.500000000      0.500000000       0.00000000       138.515778       29228.9043       213.125137       300.000000       0.00000000       1.62435135E-05   62407.8711    
           3           0  1073741822 T F   8.46851730       14.1049767       7.71538353      0.500000000      0.500000000       0.00000000       299.999969       266.581146      0.897489905       4.84247351       0.00000000       0.00000000                  NaN
           4           0  1610612733 T F   16.6865120       10.3916922       19.1558475      0.500000000      0.500000000       0.00000000       131.042984       27044.3594       208.441559       300.000000       0.00000000       9.01517888E-06   62275.6875    
           1           1           0 T F   1.71543431       7.05104589       17.1584396      0.500000000      0.500000000       0.00000000       153.688385       33809.4492       222.188065       222.188538       4.90333289E-02   4.69537445E-05   62230.0117    
           2           1   536870911 T F   20.0052967       1.71155679       18.9037743      0.500000000      0.500000000       0.00000000       138.515778       29228.6738       213.124649       213.125137       4.90333289E-02   1.62435135E-05   62407.8711    
           3           1  1073741822 T F   8.59351730       14.2299767       7.71546459      0.500000000      0.500000000       0.00000000       299.999969       266.083588      0.896999598      0.897479117       4.90332544E-02   0.00000000                  NaN
           4           1  1610612733 T F   16.8115120       10.5166922       19.1558533      0.500000000      0.500000000       0.00000000       131.042984       27044.1426       208.441071       208.441544       4.90333438E-02   9.01517888E-06   62275.6875    
           1           2           0 T F   1.84043431       7.17604589       17.1586380      0.500000000      0.500000000       0.00000000       153.688385       33808.9336       222.187073       222.188034       9.89480168E-02   4.69537445E-05   62230.0117    
           2           2   536870911 T F   20.1302967       1.83655679       18.9037838      0.500000000      0.500000000       0.00000000       138.515778       29228.2148       213.123672       213.124619       9.80553180E-02   1.62435135E-05   62407.8711    
           3           2  1073741822 T F   8.71851730       14.3549767       7.71562243      0.500000000      0.500000000       0.00000000       299.999969       265.117188      0.896045983      0.896979094       9.53609869E-02   0.00000000                  NaN
           4           2  1610612733 T F   16.9365120       10.6416922       19.1558628      0.500000000      0.500000000       0.00000000       131.042984       27043.7070       208.440094       208.441055       9.80550870E-02   9.01517888E-06   62275.6875    
           1           3           0 T F   1.96543431       7.30104589       17.1589355      0.500000000      0.500000000       0.00000000       153.688385       33808.1602       222.185577       222.187027      0.148840591       4.69537445E-05   62230.0117    
           2           3   536870911 T F   20.2552967       1.96155679       18.9037991      0.500000000      0.500000000       0.00000000       138.515778       29227.5254       213.122208       213.123642      0.147054613       1.62435135E-05   62407.8711    
           3           3  1073741822 T F   8.84351730       14.4799767       7.71584797      0.500000000      0.500000000       0.00000000       299.999969       263.738159      0.894681692      0.896017373      0.136426657       0.00000000                  NaN
           4           3  1610612733 T F   17.0615120       10.7666922       19.1558781      0.500000000      0.500000000       0.00000000       131.042984       27043.0547       208.438629       208.440063      0.147053629       9.01517888E-06   62275.6875    
           1           4           0 T F   2.09043431       7.42604589       17.1593323      0.500000000      0.500000000       0.00000000       153.688385       33807.1289       222.183594       222.185532      0.198699832       4.69537445E-05   62230.0117    
           2           4   536870911 T F   20.3802967       2.08655691       18.9038181      0.500000000      0.500000000       0.00000000       138.515778       29226.6074       213.120255       213.122177      0.196019858       1.62435135E-05   62407.8711    
           3           4  1073741822 T F   8.96851730       14.6049767       7.71612930      0.500000000      0.500000000       0.00000000       299.999969       262.026459      0.892982066      0.894646883      0.169964164       0.00000000                  NaN
           4           4  1610612733 T F   17.1865120       10.8916922       19.1558971      0.500000000      0.500000000       0.00000000       131.042984       27042.1895       208.436676       208.438583      0.195060059       9.01517888E-06   62275.6875    
           1           5           0 T F   2.21543431       7.55104589       17.1598206      0.500000000      0.500000000       0.00000000       153.688385       33805.8594       222.181152       222.183533      0.244596556       4.69537445E-05   62230.0117    
           2           5   536870911 T F   20.5052967       2.21155691       18.9038429      0.500000000      0.500000000       0.00000000       138.515778       29225.4590       213.117798       213.120193      0.245095506       1.62435135E-05   62407.8711    
           3           5  1073741822 T F   9.09351730       14.7299767       7.71645021      0.500000000      0.500000000       0.00000000       299.999969       260.080444      0.891040862      0.892942965      0.194123119       0.00000000                  NaN
           4           5  1610612733 T F   17.3115120       11.0166922       19.1559219      0.500000000      0.500000000       0.00000000       131.042984       27041.1133       208.434250       208.436630      0.243020087       9.01517888E-06   62275.6875    
           1           6           0 T F   2.34043431       7.67604589       17.1604023      0.500000000      0.500000000       0.00000000       153.688385       33804.3516       222.178253       222.181091      0.290438890       4.69537445E-05   62230.0117    
           2           6   536870911 T F   20.6302967       2.33655691       18.9038715      0.500000000      0.500000000       0.00000000       138.515778       29224.0820       213.114853       213.117722      0.294114053       1.62435135E-05   62407.8711    
           3           6  1073741822 T F   9.21851730       14.8549767       7.71682787      0.500000000      0.500000000       0.00000000       299.999969       257.805176      0.888759196      0.890995920      0.228169382       0.00000000                  NaN
           4           6  1610612733 T F   17.4365120       11.1416922       19.1559505      0.500000000      0.500000000       0.00000000       131.042984       27039.8340       208.431366       208.434189      0.288722694       9.01517888E-06   62275.6875    
           1           7           0 T F   2.46543431       7.80104589       17.1610756      0.500000000      0.500000000       0.00000000       153.688385       33802.6055       222.174896       222.178177      0.336216658       4.69537445E-05   62230.0117    
           2           7   536870911 T F   20.7552967       2.46155691       18.9039059      0.500000000      0.500000000       0.00000000       138.515778       29222.4746       213.111420       213.114777      0.343064189       1.62435135E-05   62407.8711    
           3           7  1073741822 T F   9.34351730       14.9799767       7.71724081      0.500000000      0.500000000       0.00000000       299.999969       255.331924      0.886263490      0.888710737      0.249572650       0.00000000                  NaN
           4           7  1610612733 T F   17.5615120       11.2666922       19.1559830      0.500000000      0.500000000       0.00000000       131.042984       27038.3516       208.428024       208.431290      0.334356815       9.01517888E-06   62275.6875    
           1           8           0 T F   2.59043431       7.92604589       17.1618385      0.500000000      0.500000000       0.00000000       153.688385       33800.6211       222.171082       222.174820      0.381919652       4.69537445E-05   62230.0117    
           2           8   536870911 T F   20.8802967       2.58655691       18.9039440      0.500000000      0.500000000       0.00000000       138.515778       29220.6387       213.107498       213.111328      0.391934544       1.62435135E-05   62407.8711    
           3           8  1073741822 T F   9.46851730       15.1049767       7.71766615      0.500000000      0.500000000       0.00000000       299.999969       252.800949      0.883692026      0.886213899      0.257146895       0.00000000                  NaN
           4           8  1610612733 T F   17.6865120       11.3916922       19.1560211      0.500000000      0.500000000       0.00000000       131.042984       27036.6680       208.424225       208.427933      0.379911602       9.01517888E-06   62275.6875    
           1           9           0 T F   2.71543431       8.05104637       17.1626930      0.500000000      0.500000000       0.00000000       153.688385       33798.3984       222.166809       222.170990      0.427537680       4.69537445E-05   62230.0117    
           2           9   536870911 T F   21.0052967       2.71155691       18.9039879      0.500000000      0.500000000       0.00000000       138.515778       29218.5742       213.103088       213.107391      0.440713763       1.62435135E-05   62407.8711    
           3           9  1073741822 T F   9.59351730       15.2299767       7.71807384      0.500000000      0.500000000       0.00000000       299.999969       250.393295      0.881228507      0.883644104      0.246349663       0.00000000                  NaN
           4           9  1610612733 T F   17.8115120       11.5166922       19.1560631      0.500000000      0.500000000       0.00000000       131.042984       27034.7832       208.419968       208.424133      0.425376177       9.01517888E-06   62275.6875    
           1          10           0 T F   2.84043431       8.17604637       17.1636391      0.500000000      0.500000000       0.00000000       153.688385       33795.9414       222.162079       222.166702      0.473060519       4.69537445E-05   62230.0117    
           2          10   536870911 T F   21.1302967       2.83655691       18.9040356      0.500000000      0.500000000       0.00000000       138.515778       29216.2832       213.098190       213.102966      0.489234746       1.62435135E-05   62407.8711    
           3          10  1073741822 T F   9.71851730       15.3549767       7.71844101      0.500000000      0.500000000       0.00000000       299.999969       248.239120      0.879009366      0.881184638      0.221913248       0.00000000                  NaN
           4          10  1610612733 T F   17.9365120       11.6416922       19.1561089      0.500000000      0.500000000       0.00000000       131.042984       27032.6973       208.415253       208.419846      0.470739663       9.01517888E-06   62275.6875    
           1          11           0 T F   2.96543431       8.30104637       17.1646767      0.500000000      0.500000000       0.00000000       153.688385       33793.2461       222.156891       222.161957      0.518477976       4.69537445E-05   62230.0117    
           2          11   536870911 T F   21.2552967       2.96155691       18.9040890      0.500000000      0.500000000       0.00000000       138.515778       29213.7656       213.092819       213.098083      0.537641883       1.62435135E-05   62407.8711    
           3          11  1073741822 T F   9.84351730       15.4799767       7.71874714      0.500000000      0.500000000       0.00000000       299.999969       246.452393      0.877157450      0.878971875      0.185190648       0.00000000                  NaN
           4          11  1610612733 T F   18.0615120       11.7666922       19.1561604      0.500000000      0.500000000       0.00000000       131.042984       27030.4102       208.410095       208.415146      0.515991211       9.01517888E-06   62275.6875    
           1          12           0 T F   3.09043431       8.42604637       17.1658039      0.500000000      0.500000000       0.00000000       153.688385       33790.3164       222.151260       222.156769      0.563779891       4.69537445E-05   62230.0117    
           2          12   536870911 T F   21.3802967       3.08655691       18.9041462      0.500000000      0.500000000       0.00000000       138.515778       29211.0215       213.086960       213.092682      0.585924268       1.62435135E-05   62407.8711    
           3          12  1073741822 T F   9.96851730       15.6049767       7.71897554      0.500000000      0.500000000       0.00000000       299.999969       245.125687      0.875775278      0.877128541      0.138214976       0.00000000                  NaN
           4          12  1610612733 T F   18.1865120       11.8916922       19.1562157      0.500000000      0.500000000       0.00000000       131.042984       27027.9238       208.404480       208.409958      0.561120272       9.01517888E-06   62275.6875    
           1          13           0 T F   3.21543431       8.55104637       17.1670303      0.500000000      0.500000000       0.00000000       153.688385       33787.1289       222.145126       222.151123      0.613645196       4.69537445E-05   62230.0117    
           2          13   536870911 T F   21.5052967       3.21155691       18.9042091      0.500000000      0.500000000       0.00000000       138.515778       29208.0527       213.080612       213.086807      0.634070456       1.62435135E-05   62407.8711    
           3          13  1073741822 T F   10.0935173       15.7299767       7.71911383      0.500000000      0.500000000       0.00000000       299.999969       244.326416      0.874939382      0.875757158       8.35869610E-02   0.00000000                  NaN
           4          13  1610612733 T F   18.3115120       12.0166922       19.1562748      0.500000000      0.500000000       0.00000000       131.042984       27025.2383       208.398422       208.404343      0.606115997       9.01517888E-06   62275.6875    
           1          14           0 T F   3.34043431       8.67604637       17.1683578      0.500000000      0.500000000       0.00000000       153.688385       33783.6836       222.138489       222.144958      0.663373709       4.69537445E-05   62230.0117    
           2          14   536870911 T F   21.6302967       3.33655691       18.9042759      0.500000000      0.500000000       0.00000000       138.515778       29204.8594       213.073792       213.080460      0.682069182       1.62435135E-05   62407.8711    
           3          14  1073741822 T F   10.2185173       15.8549767       7.71919155      0.500000000      0.500000000       0.00000000       299.999969       243.878677      0.874470055      0.874929011       4.69327159E-02   0.00000000                  NaN
           4          14  1610612733 T F   18.4365120       12.1416922       19.3079414      0.500000000      0.500000000       0.00000000       131.042984       20222.0762       193.042618       209.739532       1535.58044       9.01517888E-06   62275.6875    
           1          15           0 T F   3.46543431       8.80104637       17.1697845      0.500000000      0.500000000       0.00000000       153.688385       33779.9805       222.131363       222.138321      0.712954223       4.69537445E-05   62230.0117    
           2          15   536870911 T F   21.7552967       3.46155691       18.9043484      0.500000000      0.500000000       0.00000000       138.515778       29201.4414       213.066498       213.073639      0.729909420       1.62435135E-05   62407.8711    
           3          15  1073741822 T F   10.3435173       15.9799767       7.71920443      0.500000000      0.500000000       0.00000000       299.999969       243.805618      0.874393404      0.874468327       7.66793638E-03   0.00000000                  NaN
           4          15  1610612733 T F   18.5615120       12.2666922       19.6000080      0.500000000      0.500000000       0.00000000       131.042984       9639.28809       163.471725       202.064590       2957.08911       9.01517888E-06   62275.6875    
           1          16           0 T F   3.59043431       8.92604637       17.1713085      0.500000000      0.500000000       0.00000000       153.688385       33776.0195       222.123734       222.131195      0.762375891       4.69537445E-05   62230.0117    
           2          16   536870911 T F   21.8802967       3.58655691       18.9044247      0.500000000      0.500000000       0.00000000       138.515778       29197.8008       213.058716       213.066315      0.777580142       1.62435135E-05   62407.8711    
           3          16  1073741822 T F   10.4685173       16.1049767       7.71915150      0.500000000      0.500000000       0.00000000       299.999969       244.110657      0.874713659      0.874400854      -3.20232026E-02   0.00000000                  NaN
           1          17           0 T F   3.71543431       9.05104637       17.1729317      0.500000000      0.500000000       0.00000000       153.688385       33771.8047       222.115616       222.123550      0.811627448       4.69537445E-05   62230.0117    
           1          17           0 T T   22.0052967       3.71155691       18.9045067      0.500000000      0.500000000       0.00000000       0.00000000       29193.9375       213.050461       0.00000000       0.00000000       0.00000000       0.00000000    
           3          17  1073741822 T F   10.5935173       16.2299767       7.71902037      0.500000000      0.500000000       0.00000000       299.999969       244.866211      0.875506103      0.874732494      -7.92461783E-02   0.00000000                  NaN
