          20          20          20           2           2
           3           0  1073741822 T F   10.3647299       15.9331732       11.5374508      0.500000000      0.500000000       0.00000000       39117.5859       229.359375       0.00000000
           3           1  1073741822 T F   10.3647299       17.9331732       11.5374508      0.500000000      0.500000000       0.00000000       39117.5859       229.359375       0.00000000
           3           2  1073741822 T F   10.3647299       18.9331732       11.5374508      0.500000000      0.500000000       0.00000000       39117.5859       229.359375       0.00000000
           1           0           0 T F   13.2638893       2.74313331       5.61166430      0.500000000      0.500000000       0.00000000       75835.2031       277.177185       0.00000000
           1           1           0 T F   13.7638893       3.24313331       5.61166430      0.500000000      0.500000000       0.00000000       75835.2031       277.177185       0.00000000
           1           2           0 T F   14.2638893       3.74313331       5.62320232      0.500000000      0.500000000       0.00000000       75835.2031       277.177185       1.15380380E-02
           1           3           0 T F   14.7638893       4.24313354       5.64372349      0.500000000      0.500000000       0.00000000       75835.2031       277.177185       2.05210447E-02
           1           4           0 T F   15.2638893       4.74313354       5.68818665      0.500000000      0.500000000       0.00000000       75835.2031       277.177185       4.44631390E-02
           1           5           0 T F   15.7638893       5.24313354       5.75021219      0.500000000      0.500000000       0.00000000       75835.2031       277.177185       6.20254651E-02
           1           6           0 T F   16.2638893       5.74313354       5.84422159      0.500000000      0.500000000       0.00000000       75835.2031       277.177185       9.40096006E-02
           1           7           0 T F   16.7638893       6.24313354       5.95927048      0.500000000      0.500000000       0.00000000       75835.2031       277.177185      0.115048856
           1           8           0 T F   17.2638893       6.74313354       6.10630369      0.500000000      0.500000000       0.00000000       75835.2031       277.177185      0.147032991
           1           9           0 T F   17.7638893       7.24313354       6.36039686      0.500000000      0.500000000       0.00000000       75835.2031       277.177185      0.254093379
           1          10           0 T F   18.2638893       7.74313354       6.72812510      0.500000000      0.500000000       0.00000000       75835.2031       277.177185      0.367728293
           1          11           0 T F   18.7638893       8.24313354       7.19407368      0.500000000      0.500000000       0.00000000       75835.2031       277.177185      0.465948671
           1          12           0 T F   19.2638893       8.74313354       7.85292625      0.500000000      0.500000000       0.00000000       75835.2031       277.177185      0.658852577
           1          13           0 T F   19.7638893       9.24313354       8.69242764      0.500000000      0.500000000       0.00000000       75835.2031       277.177185      0.839501441
