          20          20          20           2           2
           1           0           0 T F   9.23676682       7.32645321       11.8296862      0.500000000      0.500000000       0.00000000       47609.2617       242.617828       0.00000000    
           3           0  1073741822 T F   1.11826003       19.2697563       3.96248722      0.500000000      0.500000000       0.00000000       29117.5781       210.784760       0.00000000    
           1           1           0 T F   9.73676682       7.82645321       11.8296862      0.500000000      0.500000000       0.00000000       47609.2617       242.617828       0.00000000    
           1           2           0 T F   10.2367668       8.32645321       11.8296862      0.500000000      0.500000000       0.00000000       47609.2617       242.617828       0.00000000    
           1           3           0 T F   10.7367668       8.82645321       11.8683062      0.500000000      0.500000000       0.00000000       47609.2617       242.617828       3.86203490E-02
           2           4           0 T T   11.2367668       9.32645321       11.9455471      0.500000000      0.500000000       0.00000000       47609.2617       242.617828       0.00000000    
           2           5           0 T T   11.7367668       9.82645321       11.8397932      0.500000000      0.500000000       0.00000000       47609.2617       242.617828     -0.105753720    
           2           6           0 T T   12.2367668       10.3264532       11.6282854      0.500000000      0.500000000       0.00000000       47609.2617       242.617828     -0.211507440    
           2           7           0 T T   12.7367668       10.8264532       11.5940542      0.500000000      0.500000000       0.00000000       47609.2617       242.617828      -3.42312157E-02
           2           8           0 T T   13.2367668       11.3264532       11.7370996      0.500000000      0.500000000       0.00000000       47609.2617       242.617828      0.143045008    
           2           9           0 T T   13.7367668       11.8264532       12.0466547      0.500000000      0.500000000       0.00000000       47609.2617       242.617828      0.309555411    
           4          10           0 T T   14.2367668       12.3264532       12.6256638      0.500000000      0.500000000       0.00000000       47609.2617       242.617828       0.00000000    
