 1 20 30 20 1 1 1 400 200 1.37087047 T 8. -1
 1 160 30 110 44 11 4 400 200 2.47869539 T 8. -1
 1 160 30 160 1 1 1 25600 200 95.1719894 T 8. -1
 1 1024 30 1100 44 4 11 25600 200 212.453659 T 8. -1
 2 176 30 200 88 8 11 400 200 3.05820394 T 8. -1
 2 1408 30 1600 88 8 11 25600 200 217.697708 T 8. -1
 4 256 30 275 176 11 16 400 200 2.58427238 T 8. -1
 4 2048 30 2200 176 11 16 25600 200 216.369095 T 8. -1
 8 352 30 400 352 16 22 400 200 3.16544819 T 8. -1
 8 2816 30 3200 352 16 22 25600 200 221.320221 T 8. -1
 16 512 30 550 704 22 32 400 200 2.79193521 T 8. -1
 16 4096 30 4400 704 22 32 25600 200 217.018082 T 8. -1
