 1 1 0 300.
 2 1 536870911 300.
 3 1 1073741822 300.
 4 1 1610612733 300.
 1 2 0 300.
 2 2 536870911 300.
 3 2 1073741822 300.
 4 2 1610612733 300.
 1 3 0 300.
 2 3 536870911 300.
 3 3 1073741822 300.
 4 3 1610612733 300.
 1 4 0 300.
 2 4 536870911 300.
 3 4 1073741822 300.
 4 4 1610612733 300.
 1 5 0 300.
 2 5 536870911 300.
 3 5 1073741822 300.
 4 5 1610612733 300.
 1 6 0 300.
 2 6 536870911 300.
 3 6 1073741822 300.
 4 6 1610612733 300.
 1 7 0 300.
 2 7 536870911 300.
 3 7 1073741822 300.
 4 7 1610612733 300.
 1 8 0 300.
 2 8 536870911 300.
 3 8 1073741822 300.
 4 8 1610612733 300.
 1 9 0 300.
 2 9 536870911 300.
 3 9 1073741822 300.
 4 9 1610612733 300.
 1 10 0 300.
 2 10 536870911 300.
 3 10 1073741822 300.
 4 10 1610612733 299.999969
 1 11 0 300.
 2 11 536870911 300.
 3 11 1073741822 300.
 4 11 1610612733 300.
 1 12 0 300.
 2 12 536870911 300.
 3 12 1073741822 300.
 4 12 1610612733 300.
 1 13 0 300.
 2 13 536870911 300.
 3 13 1073741822 300.
 4 13 1610612733 300.
 1 14 0 300.
 2 14 536870911 300.
 3 14 1073741822 300.
 4 14 1610612733 300.
 1 15 0 300.
 2 15 536870911 300.
 3 15 1073741822 300.
 4 15 1610612733 300.
 1 16 0 300.
 2 16 536870911 300.
 3 16 1073741822 300.
 4 16 1610612733 300.
 1 17 0 300.
 2 17 536870911 300.
 3 17 1073741822 300.
 4 17 1610612733 300.
 1 18 0 300.
 2 18 536870911 300.
 3 18 1073741822 300.
 4 18 1610612733 299.999969
 1 19 0 300.
 2 19 536870911 300.
 3 19 1073741822 300.
 4 19 1610612733 300.
 1 20 0 300.
 2 20 536870911 300.
 3 20 1073741822 300.
 4 20 1610612733 300.
 1 21 0 300.
 2 21 536870911 300.
 3 21 1073741822 300.
 4 21 1610612733 300.
 1 22 0 300.
 2 22 536870911 300.
 3 22 1073741822 300.
 4 22 1610612733 300.
 1 23 0 300.
 2 23 536870911 300.
 3 23 1073741822 299.999969
 4 23 1610612733 300.
 1 24 0 300.
 2 24 536870911 299.999969
 3 24 1073741822 300.
 4 24 1610612733 300.
 1 25 0 300.
 2 25 536870911 300.
 3 25 1073741822 300.
 4 25 1610612733 300.
 1 26 0 300.
 2 26 536870911 300.
 3 26 1073741822 300.
 4 26 1610612733 299.999969
 1 27 0 300.
 2 27 536870911 300.
 3 27 1073741822 300.
 4 27 1610612733 300.
 1 28 0 300.
 2 28 536870911 299.999969
 3 28 1073741822 300.
 4 28 1610612733 300.
 1 29 0 300.
 2 29 536870911 299.999969
 3 29 1073741822 299.999969
 4 29 1610612733 300.
 1 30 0 300.
 2 30 536870911 300.
 3 30 1073741822 300.
 4 30 1610612733 300.
 1 31 0 300.
 2 31 536870911 299.999969
 3 31 1073741822 300.
 4 31 1610612733 300.
 1 32 0 300.
 2 32 536870911 299.999969
 3 32 1073741822 300.
 4 32 1610612733 300.
 1 33 0 300.
 2 33 536870911 299.999969
 3 33 1073741822 300.
 4 33 1610612733 300.
 1 34 0 300.
 2 34 536870911 299.999969
 3 34 1073741822 300.
 4 34 1610612733 299.999969
 1 35 0 300.
 2 35 536870911 299.999969
 3 35 1073741822 300.
 4 35 1610612733 300.
 1 36 0 300.
 2 36 536870911 299.999969
 3 36 1073741822 300.
 4 36 1610612733 300.
 1 37 0 300.
 2 37 536870911 299.999969
 3 37 1073741822 299.999969
 4 37 1610612733 300.
 1 38 0 300.
 2 38 536870911 299.999969
 3 38 1073741822 300.
 4 38 1610612733 300.
 1 39 0 300.
 2 39 536870911 299.999969
 3 39 1073741822 300.
 4 39 1610612733 300.
 1 40 0 300.
 2 40 536870911 299.999969
 3 40 1073741822 300.
 4 40 1610612733 300.
 1 41 0 300.
 2 41 536870911 300.
 3 41 1073741822 300.
 4 41 1610612733 300.
 1 42 0 300.
 2 42 536870911 300.
 3 42 1073741822 300.
 4 42 1610612733 299.999969
 1 43 0 300.
 2 43 536870911 300.
 3 43 1073741822 300.
 4 43 1610612733 300.
 1 44 0 300.
 2 44 536870911 300.
 3 44 1073741822 300.
 4 44 1610612733 300.
 1 45 0 300.
 2 45 536870911 300.
 3 45 1073741822 300.
 4 45 1610612733 300.
 1 46 0 300.
 2 46 536870911 300.
 3 46 1073741822 300.
 4 46 1610612733 300.
 1 47 0 300.
 2 47 536870911 300.
 3 47 1073741822 300.
 4 47 1610612733 300.
 1 48 0 300.
 2 48 536870911 300.
 3 48 1073741822 300.
 4 48 1610612733 300.
 1 49 0 300.
 2 49 536870911 300.
 3 49 1073741822 299.999969
 4 49 1610612733 300.
 1 50 0 300.
 2 50 536870911 300.
 3 50 1073741822 300.
 4 50 1610612733 299.999969
 1 51 0 300.
 2 51 536870911 300.
 3 51 1073741822 300.
 4 51 1610612733 300.
 1 52 0 300.
 2 52 536870911 300.
 3 52 1073741822 300.
 4 52 1610612733 300.
 1 53 0 300.
 2 53 536870911 300.
 3 53 1073741822 299.999969
 4 53 1610612733 300.
 1 54 0 300.
 2 54 536870911 300.
 3 54 1073741822 300.
 4 54 1610612733 300.
 1 55 0 300.
 2 55 536870911 300.
 3 55 1073741822 299.999969
 4 55 1610612733 300.
 1 56 0 300.
 2 56 536870911 300.
 3 56 1073741822 300.
 4 56 1610612733 300.
 1 57 0 300.
 2 57 536870911 300.
 3 57 1073741822 300.
 4 57 1610612733 300.
 1 58 0 300.
 2 58 536870911 300.
 3 58 1073741822 300.
 4 58 1610612733 300.
 1 59 0 300.
 2 59 536870911 300.
 3 59 1073741822 300.
 4 59 1610612733 300.
 1 60 0 300.
 2 60 536870911 300.
 3 60 1073741822 300.
 4 60 1610612733 300.
 1 61 0 300.
 2 61 536870911 300.
 3 61 1073741822 300.
 4 61 1610612733 299.999969
 1 62 0 300.
 2 62 536870911 300.
 3 62 1073741822 300.
 4 62 1610612733 300.
 1 63 0 300.
 2 63 536870911 300.
 3 63 1073741822 299.999969
 4 63 1610612733 300.
 1 64 0 300.
 2 64 536870911 300.
 3 64 1073741822 300.
 4 64 1610612733 300.
 1 65 0 300.
 2 65 536870911 300.
 3 65 1073741822 299.999969
 4 65 1610612733 299.999969
 1 66 0 299.999969
 2 66 536870911 300.
 3 66 1073741822 300.
 4 66 1610612733 299.999969
 1 67 0 300.
 2 67 536870911 300.
 3 67 1073741822 300.
 4 67 1610612733 299.999969
 1 68 0 300.
 2 68 536870911 300.
 3 68 1073741822 300.
 4 68 1610612733 300.
 1 69 0 300.
 2 69 536870911 300.
 3 69 1073741822 299.999969
 4 69 1610612733 300.
 1 70 0 300.
 2 70 536870911 300.
 3 70 1073741822 300.
 4 70 1610612733 299.999969
 1 71 0 300.
 2 71 536870911 300.
 3 71 1073741822 300.
 4 71 1610612733 300.
 1 72 0 300.
 2 72 536870911 300.
 3 72 1073741822 300.
 4 72 1610612733 300.
 1 73 0 300.
 2 73 536870911 300.
 3 73 1073741822 299.999969
 4 73 1610612733 299.999969
 1 74 0 300.
 2 74 536870911 300.
 3 74 1073741822 300.
 4 74 1610612733 300.
 1 75 0 300.
 2 75 536870911 300.
 3 75 1073741822 299.999969
 4 75 1610612733 300.
 1 76 0 299.999969
 2 76 536870911 300.
 3 76 1073741822 300.
 4 76 1610612733 300.
 1 77 0 299.999969
 2 77 536870911 300.
 3 77 1073741822 299.999969
 4 77 1610612733 300.
 1 78 0 300.
 2 78 536870911 300.
 3 78 1073741822 300.
 4 78 1610612733 300.
 1 79 0 300.
 2 79 536870911 300.
 3 79 1073741822 299.999969
 4 79 1610612733 300.
 1 80 0 299.999969
 2 80 536870911 300.
 3 80 1073741822 299.999969
 4 80 1610612733 300.
 1 81 0 299.999969
 2 81 536870911 300.
 3 81 1073741822 300.001587
 4 81 1610612733 300.
 1 82 0 299.999969
 2 82 536870911 300.
 3 82 1073741822 300.001434
 4 82 1610612733 300.
 1 83 0 299.999969
 2 83 536870911 300.
 3 83 1073741822 300.001282
 4 83 1610612733 300.000031
 1 84 0 299.999969
 2 84 536870911 300.
 3 84 1073741822 300.001099
 4 84 1610612733 300.
 1 85 0 299.999969
 2 85 536870911 300.
 3 85 1073741822 300.000946
 4 85 1610612733 300.
 1 86 0 299.999969
 2 86 536870911 300.
 3 86 1073741822 300.000793
 4 86 1610612733 300.
 1 87 0 299.999969
 2 87 536870911 300.
 3 87 1073741822 300.000641
 4 87 1610612733 300.
 1 88 0 299.999969
 2 88 536870911 300.
 3 88 1073741822 300.000488
 4 88 1610612733 300.000031
 1 89 0 299.999969
 2 89 536870911 300.
 3 89 1073741822 300.000336
 4 89 1610612733 300.
 1 90 0 299.999969
 2 90 536870911 300.
 3 90 1073741822 300.000183
 4 90 1610612733 300.
 1 91 0 299.999969
 2 91 536870911 300.
 3 91 1073741822 300.000031
 4 91 1610612733 300.
 1 92 0 299.999969
 2 92 536870911 300.
 3 92 1073741822 299.999969
 4 92 1610612733 300.
 1 93 0 299.999969
 2 93 536870911 300.
 3 93 1073741822 299.999969
 4 93 1610612733 300.000031
 1 94 0 299.999969
 2 94 536870911 300.
 3 94 1073741822 299.999969
 4 94 1610612733 300.
 1 95 0 299.999969
 2 95 536870911 300.
 3 95 1073741822 299.999969
 4 95 1610612733 300.
 1 96 0 299.999969
 2 96 536870911 300.
 3 96 1073741822 299.999969
 4 96 1610612733 300.
 1 97 0 299.999969
 2 97 536870911 300.
 3 97 1073741822 299.999969
 4 97 1610612733 300.
 1 98 0 299.999969
 2 98 536870911 300.
 3 98 1073741822 299.999969
 4 98 1610612733 300.
 1 99 0 299.999969
 2 99 536870911 300.
 3 99 1073741822 299.999969
 4 99 1610612733 300.000031
 1 100 0 299.999969
 2 100 536870911 300.
 3 100 1073741822 299.999969
 4 100 1610612733 300.
 1 101 0 299.999969
 2 101 536870911 300.
 3 101 1073741822 300.036499
 4 101 1610612733 300.
 1 102 0 299.999969
 2 102 536870911 300.
 3 102 1073741822 300.036011
 4 102 1610612733 300.
 1 103 0 299.999969
 2 103 536870911 300.
 3 103 1073741822 300.035522
 4 103 1610612733 300.
 1 104 0 299.999969
 2 104 536870911 300.
 3 104 1073741822 300.035004
 4 104 1610612733 300.
 1 105 0 299.999969
 2 105 536870911 300.
 3 105 1073741822 300.034515
 4 105 1610612733 300.
 1 106 0 299.999969
 2 106 536870911 300.
 3 106 1073741822 300.034027
 4 106 1610612733 299.999969
 1 107 0 299.999969
 2 107 536870911 300.
 3 107 1073741822 300.033539
 4 107 1610612733 300.
 1 108 0 299.999969
 2 108 536870911 300.
 3 108 1073741822 300.033051
 4 108 1610612733 300.
 1 109 0 299.999969
 2 109 536870911 300.
 3 109 1073741822 300.032562
 4 109 1610612733 300.000031
 1 110 0 299.999969
 2 110 536870911 300.
 3 110 1073741822 300.032074
 4 110 1610612733 300.
 1 111 0 299.999969
 2 111 536870911 300.
 3 111 1073741822 300.031616
 4 111 1610612733 300.
 1 112 0 299.999969
 2 112 536870911 300.
 3 112 1073741822 300.031158
 4 112 1610612733 300.
 1 113 0 299.999969
 2 113 536870911 300.
 3 113 1073741822 300.030701
 4 113 1610612733 300.
 1 114 0 299.999969
 2 114 536870911 300.
 3 114 1073741822 300.030212
 4 114 1610612733 299.999969
 1 115 0 299.999969
 2 115 536870911 300.
 3 115 1073741822 300.029755
 4 115 1610612733 300.000031
 1 116 0 299.999969
 2 116 536870911 300.
 3 116 1073741822 300.029297
 4 116 1610612733 300.
 1 117 0 299.999969
 2 117 536870911 300.
 3 117 1073741822 300.028839
 4 117 1610612733 300.
 1 118 0 299.999939
 2 118 536870911 300.
 3 118 1073741822 300.028412
 4 118 1610612733 300.
 1 119 0 299.999939
 2 119 536870911 300.
 3 119 1073741822 300.027924
 4 119 1610612733 300.
 1 120 0 299.999939
 2 120 536870911 300.
 3 120 1073741822 300.027496
 4 120 1610612733 300.
 1 121 0 299.999939
 2 121 536870911 300.
 3 121 1073741822 300.178406
 4 121 1610612733 300.
 1 122 0 299.999939
 2 122 536870911 300.
 3 122 1073741822 300.176758
 4 122 1610612733 300.
 1 123 0 299.999939
 2 123 536870911 300.
 3 123 1073741822 300.175079
 4 123 1610612733 300.
 1 124 0 299.999969
 2 124 536870911 300.
 3 124 1073741822 300.173431
 4 124 1610612733 300.
 1 125 0 299.999969
 2 125 536870911 300.
 3 125 1073741822 300.171722
 4 125 1610612733 300.000031
 1 126 0 299.999939
 2 126 536870911 300.
 3 126 1073741822 300.170044
 4 126 1610612733 300.
 1 127 0 299.999969
 2 127 536870911 300.
 3 127 1073741822 300.168396
 4 127 1610612733 300.
 1 128 0 299.999939
 2 128 536870911 300.
 3 128 1073741822 300.166748
 4 128 1610612733 300.
 1 129 0 299.999939
 2 129 536870911 300.
 3 129 1073741822 300.165131
 4 129 1610612733 300.
 1 130 0 299.999939
 2 130 536870911 300.
 3 130 1073741822 300.163452
 4 130 1610612733 300.
 1 131 0 299.999969
 2 131 536870911 300.
 3 131 1073741822 300.161804
 4 131 1610612733 300.
 1 132 0 299.999939
 2 132 536870911 300.
 3 132 1073741822 300.160187
 4 132 1610612733 300.
 1 133 0 299.999939
 2 133 536870911 300.
 3 133 1073741822 300.158569
 4 133 1610612733 300.
 1 134 0 299.999939
 2 134 536870911 300.
 3 134 1073741822 300.156952
 4 134 1610612733 300.
 1 135 0 299.999939
 2 135 536870911 300.
 3 135 1073741822 300.155304
 4 135 1610612733 300.
 1 136 0 299.999939
 2 136 536870911 300.
 3 136 1073741822 300.153717
 4 136 1610612733 300.
 1 137 0 299.999939
 2 137 536870911 300.
 3 137 1073741822 300.1521
 4 137 1610612733 300.
 1 138 0 299.999939
 2 138 536870911 300.
 3 138 1073741822 300.150482
 4 138 1610612733 300.
 1 139 0 299.999939
 2 139 536870911 300.
 3 139 1073741822 300.148865
 4 139 1610612733 300.
 1 140 0 299.999969
 2 140 536870911 300.
 3 140 1073741822 300.147278
 4 140 1610612733 300.
 1 141 0 299.999969
 2 141 536870911 300.000031
 3 141 1073741822 300.355255
 4 141 1610612733 300.
 1 142 0 299.999908
 2 142 536870911 300.000031
 3 142 1073741822 300.352661
 4 142 1610612733 300.
 1 143 0 299.999939
 2 143 536870911 300.000031
 3 143 1073741822 300.350098
 4 143 1610612733 300.
 1 144 0 299.999969
 2 144 536870911 300.000031
 3 144 1073741822 300.347534
 4 144 1610612733 300.
 1 145 0 299.999939
 2 145 536870911 300.000031
 3 145 1073741822 300.34494
 4 145 1610612733 300.
 1 146 0 299.999969
 2 146 536870911 300.000031
 3 146 1073741822 300.342377
 4 146 1610612733 299.999969
 1 147 0 299.999939
 2 147 536870911 300.000031
 3 147 1073741822 300.339813
 4 147 1610612733 300.
 1 148 0 299.999939
 2 148 536870911 300.000031
 3 148 1073741822 300.33725
 4 148 1610612733 300.
 1 149 0 299.999939
 2 149 536870911 300.000031
 3 149 1073741822 300.334686
 4 149 1610612733 300.
 1 150 0 299.999939
 2 150 536870911 300.000031
 3 150 1073741822 300.332123
 4 150 1610612733 300.
 1 151 0 299.999939
 2 151 536870911 300.000031
 3 151 1073741822 300.329559
 4 151 1610612733 300.
 1 152 0 299.999939
 2 152 536870911 300.000031
 3 152 1073741822 300.326996
 4 152 1610612733 300.
 1 153 0 299.999939
 2 153 536870911 300.000031
 3 153 1073741822 300.324463
 4 153 1610612733 300.
 1 154 0 299.999939
 2 154 536870911 300.000031
 3 154 1073741822 300.32193
 4 154 1610612733 299.999969
 1 155 0 299.999939
 2 155 536870911 300.000031
 3 155 1073741822 300.319397
 4 155 1610612733 300.
 1 156 0 299.999939
 2 156 536870911 300.000031
 3 156 1073741822 300.316864
 4 156 1610612733 300.
 1 157 0 299.999939
 2 157 536870911 300.000031
 3 157 1073741822 300.314331
 4 157 1610612733 300.
 1 158 0 299.999908
 2 158 536870911 300.000031
 3 158 1073741822 300.311798
 4 158 1610612733 300.
 1 159 0 299.999939
 2 159 536870911 300.000031
 3 159 1073741822 300.309265
 4 159 1610612733 300.
 1 160 0 299.999939
 2 160 536870911 300.000031
 3 160 1073741822 300.306763
 4 160 1610612733 300.
 1 161 0 299.999939
 2 161 536870911 300.000061
 3 161 1073741822 300.548187
 4 161 1610612733 300.
 1 162 0 299.999939
 2 162 536870911 300.000061
 3 162 1073741822 300.544983
 4 162 1610612733 299.999969
 1 163 0 299.999939
 2 163 536870911 300.000061
 3 163 1073741822 300.541748
 4 163 1610612733 300.
 1 164 0 299.999939
 2 164 536870911 300.000061
 3 164 1073741822 300.538574
 4 164 1610612733 300.
 1 165 0 299.999939
 2 165 536870911 300.000061
 3 165 1073741822 300.53537
 4 165 1610612733 300.
 1 166 0 299.999939
 2 166 536870911 300.000061
 3 166 1073741822 300.532166
 4 166 1610612733 300.
 1 167 0 299.999939
 2 167 536870911 300.000061
 3 167 1073741822 300.528961
 4 167 1610612733 300.
 1 168 0 299.999939
 2 168 536870911 300.000061
 3 168 1073741822 300.525757
 4 168 1610612733 300.
 1 169 0 299.999939
 2 169 536870911 300.000061
 3 169 1073741822 300.522614
 4 169 1610612733 300.
 1 170 0 299.999939
 2 170 536870911 300.000061
 3 170 1073741822 300.51944
 4 170 1610612733 299.999969
 1 171 0 299.999939
 2 171 536870911 300.000061
 3 171 1073741822 300.516266
 4 171 1610612733 300.
 1 172 0 299.999939
 2 172 536870911 300.000061
 3 172 1073741822 300.513092
 4 172 1610612733 300.
 1 173 0 299.999939
 2 173 536870911 300.000061
 3 173 1073741822 300.509888
 4 173 1610612733 300.
 1 174 0 299.999939
 2 174 536870911 300.000061
 3 174 1073741822 300.506744
 4 174 1610612733 300.
 1 175 0 299.999939
 2 175 536870911 300.000061
 3 175 1073741822 300.503571
 4 175 1610612733 300.
 1 176 0 299.999939
 2 176 536870911 300.000061
 3 176 1073741822 300.500427
 4 176 1610612733 300.
 1 177 0 299.999939
 2 177 536870911 300.000061
 3 177 1073741822 300.497253
 4 177 1610612733 300.
 1 178 0 299.999939
 2 178 536870911 300.000061
 3 178 1073741822 300.494141
 4 178 1610612733 299.999969
 1 179 0 299.999939
 2 179 536870911 300.000061
 3 179 1073741822 300.490967
 4 179 1610612733 300.
 1 180 0 299.999969
 2 180 536870911 300.000061
 3 180 1073741822 300.487823
 4 180 1610612733 300.
 1 181 0 299.999939
 2 181 536870911 300.000061
 3 181 1073741822 300.716614
 4 181 1610612733 300.
 1 182 0 299.999939
 2 182 536870911 300.000061
 3 182 1073741822 300.712921
 4 182 1610612733 300.
 1 183 0 299.999939
 2 183 536870911 300.000061
 3 183 1073741822 300.709198
 4 183 1610612733 300.
 1 184 0 299.999939
 2 184 536870911 300.000061
 3 184 1073741822 300.705444
 4 184 1610612733 300.
 1 185 0 299.999939
 2 185 536870911 300.000061
 3 185 1073741822 300.701721
 4 185 1610612733 300.
 1 186 0 299.999939
 2 186 536870911 300.000061
 3 186 1073741822 300.698029
 4 186 1610612733 299.999969
 1 187 0 299.999939
 2 187 536870911 300.000061
 3 187 1073741822 300.694305
 4 187 1610612733 300.
 1 188 0 299.999969
 2 188 536870911 300.000061
 3 188 1073741822 300.690613
 4 188 1610612733 300.
 1 189 0 299.999939
 2 189 536870911 300.000061
 3 189 1073741822 300.68689
 4 189 1610612733 300.
 1 190 0 299.999969
 2 190 536870911 300.000061
 3 190 1073741822 300.683197
 4 190 1610612733 300.
 1 191 0 299.999939
 2 191 536870911 300.000061
 3 191 1073741822 300.679504
 4 191 1610612733 300.
 1 192 0 299.999939
 2 192 536870911 300.000061
 3 192 1073741822 300.675812
 4 192 1610612733 300.
 1 193 0 299.999939
 2 193 536870911 300.000061
 3 193 1073741822 300.672119
 4 193 1610612733 300.
 1 194 0 299.999939
 2 194 536870911 300.000061
 3 194 1073741822 300.668427
 4 194 1610612733 300.
 1 195 0 299.999939
 2 195 536870911 300.000061
 3 195 1073741822 300.665497
 4 195 1610612733 300.
 1 196 0 299.999939
 2 196 536870911 300.000061
 3 196 1073741822 300.66272
 4 196 1610612733 300.
 1 197 0 299.999939
 2 197 536870911 300.000061
 3 197 1073741822 300.659912
 4 197 1610612733 300.
 1 198 0 299.999939
 2 198 536870911 300.000061
 3 198 1073741822 300.657135
 4 198 1610612733 300.
 1 199 0 299.999969
 2 199 536870911 300.000061
 3 199 1073741822 300.654358
 4 199 1610612733 300.
 1 200 0 299.999939
 2 200 536870911 300.000061
 3 200 1073741822 300.65155
 4 200 1610612733 300.
 1 201 0 299.999969
 2 201 536870911 300.000061
 3 201 1073741822 300.854858
 4 201 1610612733 300.
 1 202 0 299.999969
 2 202 536870911 300.000061
 3 202 1073741822 300.851654
 4 202 1610612733 300.
 1 203 0 299.999939
 2 203 536870911 300.000061
 3 203 1073741822 300.848419
 4 203 1610612733 300.
 1 204 0 299.999939
 2 204 536870911 300.000061
 3 204 1073741822 300.845245
 4 204 1610612733 300.
 1 205 0 299.999969
 2 205 536870911 300.000061
 3 205 1073741822 300.842041
 4 205 1610612733 300.
 1 206 0 299.999969
 2 206 536870911 300.000061
 3 206 1073741822 300.838837
 4 206 1610612733 300.
 1 207 0 299.999969
 2 207 536870911 300.000061
 3 207 1073741822 300.835663
 4 207 1610612733 300.
 1 208 0 299.999969
 2 208 536870911 300.000061
 3 208 1073741822 300.832428
 4 208 1610612733 300.
 1 209 0 299.999969
 2 209 536870911 300.000061
 3 209 1073741822 300.829254
 4 209 1610612733 300.
 1 210 0 299.999969
 2 210 536870911 300.000061
 3 210 1073741822 300.82608
 4 210 1610612733 300.
 1 211 0 299.999969
 2 211 536870911 300.000061
 3 211 1073741822 300.822906
 4 211 1610612733 300.
 1 212 0 299.999969
 2 212 536870911 300.000061
 3 212 1073741822 300.819702
 4 212 1610612733 300.
 1 213 0 299.999969
 2 213 536870911 300.000061
 3 213 1073741822 300.816559
 4 213 1610612733 300.
 1 214 0 299.999969
 2 214 536870911 300.000061
 3 214 1073741822 300.813385
 4 214 1610612733 300.
 1 215 0 299.999969
 2 215 536870911 300.000061
 3 215 1073741822 300.810242
 4 215 1610612733 300.
 1 216 0 299.999969
 2 216 536870911 300.000061
 3 216 1073741822 300.807068
 4 216 1610612733 300.
 1 217 0 299.999969
 2 217 536870911 300.000061
 3 217 1073741822 300.803894
 4 217 1610612733 300.
 1 218 0 299.999969
 2 218 536870911 300.000061
 3 218 1073741822 300.800751
 4 218 1610612733 300.
 1 219 0 299.999969
 2 219 536870911 300.000061
 3 219 1073741822 300.797607
 4 219 1610612733 300.
 1 220 0 299.999969
 2 220 536870911 300.000061
 3 220 1073741822 300.794464
 4 220 1610612733 300.
 1 221 0 299.999969
 2 221 536870911 300.000061
 3 221 1073741822 300.963531
 4 221 1610612733 300.
 1 222 0 299.999969
 2 222 536870911 300.000061
 3 222 1073741822 300.959991
 4 222 1610612733 300.
 1 223 0 299.999969
 2 223 536870911 300.000092
 3 223 1073741822 300.956512
 4 223 1610612733 300.
 1 224 0 299.999969
 2 224 536870911 300.000061
 3 224 1073741822 300.953033
 4 224 1610612733 300.
 1 225 0 299.999969
 2 225 536870911 300.000092
 3 225 1073741822 300.949585
 4 225 1610612733 300.
 1 226 0 299.999969
 2 226 536870911 300.000092
 3 226 1073741822 300.946106
 4 226 1610612733 300.
 1 227 0 300.
 2 227 536870911 300.000061
 3 227 1073741822 300.942627
 4 227 1610612733 300.
 1 228 0 299.999969
 2 228 536870911 300.000061
 3 228 1073741822 300.939148
 4 228 1610612733 300.
 1 229 0 299.999969
 2 229 536870911 300.000061
 3 229 1073741822 300.935669
 4 229 1610612733 300.
 1 230 0 299.999969
 2 230 536870911 300.000061
 3 230 1073741822 300.93222
 4 230 1610612733 300.
 1 231 0 299.999969
 2 231 536870911 300.000061
 3 231 1073741822 300.928772
 4 231 1610612733 300.
 1 232 0 299.999969
 2 232 536870911 300.000061
 3 232 1073741822 300.925323
 4 232 1610612733 300.
 1 233 0 300.
 2 233 536870911 300.000061
 3 233 1073741822 300.921875
 4 233 1610612733 300.
 1 234 0 299.999969
 2 234 536870911 300.000061
 3 234 1073741822 300.918427
 4 234 1610612733 300.
 1 235 0 300.
 2 235 536870911 300.000061
 3 235 1073741822 300.915009
 4 235 1610612733 300.
 1 236 0 300.
 2 236 536870911 300.000031
 3 236 1073741822 300.91153
 4 236 1610612733 300.
 1 237 0 299.999969
 2 237 536870911 300.000061
 3 237 1073741822 300.908112
 4 237 1610612733 300.
 1 238 0 300.
 2 238 536870911 300.000061
 3 238 1073741822 300.904694
 4 238 1610612733 300.
 1 239 0 300.
 2 239 536870911 300.000061
 3 239 1073741822 300.901276
 4 239 1610612733 300.
 1 240 0 300.
 2 240 536870911 300.000061
 3 240 1073741822 300.897858
 4 240 1610612733 300.
 1 241 0 299.999969
 2 241 536870911 300.000031
 3 241 1073741822 301.027527
 4 241 1610612733 300.000244
 1 242 0 299.999969
 2 242 536870911 300.000061
 3 242 1073741822 301.023865
 4 242 1610612733 300.000275
 1 243 0 300.
 2 243 536870911 300.000031
 3 243 1073741822 301.020233
 4 243 1610612733 300.000244
 1 244 0 299.999969
 2 244 536870911 300.000061
 3 244 1073741822 301.016541
 4 244 1610612733 300.000244
 1 245 0 299.999969
 2 245 536870911 300.000031
 3 245 1073741822 301.012909
 4 245 1610612733 300.000244
 1 246 0 300.
 2 246 536870911 300.000061
 3 246 1073741822 301.009247
 4 246 1610612733 300.000275
 1 247 0 300.
 2 247 536870911 300.000031
 3 247 1073741822 301.005585
 4 247 1610612733 300.000275
 1 248 0 300.
 2 248 536870911 300.000031
 3 248 1073741822 301.001923
 4 248 1610612733 300.000244
 1 249 0 299.999969
 2 249 536870911 300.000031
 3 249 1073741822 300.998322
 4 249 1610612733 300.000244
 1 250 0 300.
 2 250 536870911 300.000031
 3 250 1073741822 300.99469
 4 250 1610612733 300.000244
 1 251 0 300.
 2 251 536870911 300.000061
 3 251 1073741822 300.991028
 4 251 1610612733 300.000244
 1 252 0 300.
 2 252 536870911 300.000061
 3 252 1073741822 300.987427
 4 252 1610612733 300.000214
 1 253 0 300.
 2 253 536870911 300.000031
 3 253 1073741822 300.983795
 4 253 1610612733 300.000214
 1 254 0 300.
 2 254 536870911 300.000031
 3 254 1073741822 300.980164
 4 254 1610612733 300.000244
 1 255 0 300.
 2 255 536870911 300.000031
 3 255 1073741822 300.976532
 4 255 1610612733 300.000214
 1 256 0 299.999969
 2 256 536870911 300.000061
 3 256 1073741822 300.972931
 4 256 1610612733 300.000214
 1 257 0 300.
 2 257 536870911 300.000031
 3 257 1073741822 300.96933
 4 257 1610612733 300.000214
 1 258 0 300.
 2 258 536870911 300.000031
 3 258 1073741822 300.965729
 4 258 1610612733 300.000214
 1 259 0 300.
 2 259 536870911 300.000061
 3 259 1073741822 300.962128
 4 259 1610612733 300.000244
 1 260 0 299.999969
 2 260 536870911 300.000031
 3 260 1073741822 300.958557
 4 260 1610612733 300.000214
 1 261 0 299.999969
 2 261 536870911 300.000031
 3 261 1073741822 301.048645
 4 261 1610612733 300.001099
 1 262 0 300.
 2 262 536870911 300.000031
 3 262 1073741822 301.044922
 4 262 1610612733 300.001099
 1 263 0 300.
 2 263 536870911 300.000031
 3 263 1073741822 301.041168
 4 263 1610612733 300.001099
 1 264 0 300.
 2 264 536870911 300.000031
 3 264 1073741822 301.037445
 4 264 1610612733 300.001099
 1 265 0 300.
 2 265 536870911 300.000031
 3 265 1073741822 301.033691
 4 265 1610612733 300.001099
 1 266 0 300.
 2 266 536870911 300.000031
 3 266 1073741822 301.029938
 4 266 1610612733 300.001068
 1 267 0 300.
 2 267 536870911 300.000031
 3 267 1073741822 301.026245
 4 267 1610612733 300.001099
 1 268 0 300.
 2 268 536870911 300.000031
 3 268 1073741822 301.022491
 4 268 1610612733 300.001068
 1 269 0 300.
 2 269 536870911 300.000031
 3 269 1073741822 301.018799
 4 269 1610612733 300.001068
 1 270 0 300.
 2 270 536870911 300.000031
 3 270 1073741822 301.015045
 4 270 1610612733 300.001068
 1 271 0 300.
 2 271 536870911 300.000031
 3 271 1073741822 301.011353
 4 271 1610612733 300.001068
 1 272 0 300.
 2 272 536870911 300.000031
 3 272 1073741822 301.007629
 4 272 1610612733 300.001068
 1 273 0 300.
 2 273 536870911 300.000031
 3 273 1073741822 301.003937
 4 273 1610612733 300.001068
 1 274 0 300.
 2 274 536870911 300.000031
 3 274 1073741822 301.000214
 4 274 1610612733 300.001038
 1 275 0 300.
 2 275 536870911 300.000031
 3 275 1073741822 300.996521
 4 275 1610612733 300.001038
 1 276 0 300.
 2 276 536870911 300.000031
 3 276 1073741822 300.992828
 4 276 1610612733 300.001038
 1 277 0 300.
 2 277 536870911 300.000031
 3 277 1073741822 300.989136
 4 277 1610612733 300.001038
 1 278 0 300.
 2 278 536870911 300.000031
 3 278 1073741822 300.985443
 4 278 1610612733 300.001038
 1 279 0 300.
 2 279 536870911 300.000031
 3 279 1073741822 300.981781
 4 279 1610612733 300.001038
 1 280 0 300.
 2 280 536870911 300.000031
 3 280 1073741822 300.978088
 4 280 1610612733 300.001038
 1 281 0 300.
 2 281 536870911 300.000061
 3 281 1073741822 301.032806
 4 281 1610612733 300.002167
 1 282 0 300.
 2 282 536870911 300.000031
 3 282 1073741822 301.029022
 4 282 1610612733 300.002167
 1 283 0 300.
 2 283 536870911 300.
 3 283 1073741822 301.025269
 4 283 1610612733 300.002197
 1 284 0 300.
 2 284 536870911 300.
 3 284 1073741822 301.021515
 4 284 1610612733 300.002167
 1 285 0 300.
 2 285 536870911 300.000061
 3 285 1073741822 301.017792
 4 285 1610612733 300.002167
 1 286 0 300.
 2 286 536870911 300.000031
 3 286 1073741822 301.014038
 4 286 1610612733 300.002136
 1 287 0 300.
 2 287 536870911 300.000061
 3 287 1073741822 301.010315
 4 287 1610612733 300.002136
 1 288 0 300.
 2 288 536870911 300.000031
 3 288 1073741822 301.006592
 4 288 1610612733 300.002136
 1 289 0 300.
 2 289 536870911 300.000031
 3 289 1073741822 301.002869
 4 289 1610612733 300.002136
 1 290 0 300.
 2 290 536870911 300.000061
 3 290 1073741822 300.999146
 4 290 1610612733 300.002136
 1 291 0 300.
 2 291 536870911 300.000031
 3 291 1073741822 300.995422
 4 291 1610612733 300.002136
 1 292 0 300.
 2 292 536870911 300.000061
 3 292 1073741822 300.991699
 4 292 1610612733 300.002136
 1 293 0 300.
 2 293 536870911 300.000061
 3 293 1073741822 300.988007
 4 293 1610612733 300.002136
 1 294 0 300.
 2 294 536870911 300.000031
 3 294 1073741822 300.984283
 4 294 1610612733 300.002106
 1 295 0 300.
 2 295 536870911 300.000031
 3 295 1073741822 300.980591
 4 295 1610612733 300.002106
 1 296 0 300.
 2 296 536870911 300.000031
 3 296 1073741822 300.976898
 4 296 1610612733 300.002106
 1 297 0 300.
 2 297 536870911 300.000031
 3 297 1073741822 300.973236
 4 297 1610612733 300.002106
 1 298 0 300.
 2 298 536870911 300.000061
 3 298 1073741822 300.969543
 4 298 1610612733 300.002106
 1 299 0 300.
 2 299 536870911 300.000031
 3 299 1073741822 300.965851
 4 299 1610612733 300.002106
 1 300 0 300.
 2 300 536870911 300.000031
 3 300 1073741822 300.962158
 4 300 1610612733 300.002106
 1 301 0 300.
 2 301 536870911 300.000031
 3 301 1073741822 300.988678
 4 301 1610612733 300.003326
 1 302 0 300.
 2 302 536870911 300.000031
 3 302 1073741822 300.984985
 4 302 1610612733 300.003326
 1 303 0 300.
 2 303 536870911 300.000061
 3 303 1073741822 300.981293
 4 303 1610612733 300.003296
 1 304 0 300.
 2 304 536870911 300.000031
 3 304 1073741822 300.9776
 4 304 1610612733 300.003296
 1 305 0 300.
 2 305 536870911 300.000031
 3 305 1073741822 300.974792
 4 305 1610612733 300.003296
 1 306 0 300.
 2 306 536870911 300.000031
 3 306 1073741822 300.972046
 4 306 1610612733 300.003296
 1 307 0 300.
 2 307 536870911 300.000031
 3 307 1073741822 300.969391
 4 307 1610612733 300.003265
 1 308 0 300.
 2 308 536870911 300.000031
 3 308 1073741822 300.966675
 4 308 1610612733 300.003265
 1 309 0 300.
 2 309 536870911 300.000031
 3 309 1073741822 300.96402
 4 309 1610612733 300.003265
 1 310 0 300.
 2 310 536870911 300.000031
 3 310 1073741822 300.961304
 4 310 1610612733 300.003265
 1 311 0 300.
 2 311 536870911 300.000031
 3 311 1073741822 300.958649
 4 311 1610612733 300.003235
 1 312 0 300.
 2 312 536870911 300.000031
 3 312 1073741822 300.955963
 4 312 1610612733 300.003235
 1 313 0 300.
 2 313 536870911 300.000031
 3 313 1073741822 300.953308
 4 313 1610612733 300.003265
 1 314 0 300.
 2 314 536870911 300.000031
 3 314 1073741822 300.950623
 4 314 1610612733 300.003235
 1 315 0 300.
 2 315 536870911 300.000031
 3 315 1073741822 300.947968
 4 315 1610612733 300.003235
 1 316 0 300.
 2 316 536870911 300.
 3 316 1073741822 300.945313
 4 316 1610612733 300.003204
 1 317 0 300.
 2 317 536870911 300.000031
 3 317 1073741822 300.942627
 4 317 1610612733 300.003204
 1 318 0 300.
 2 318 536870911 300.000031
 3 318 1073741822 300.940002
 4 318 1610612733 300.003204
 1 319 0 300.
 2 319 536870911 300.000031
 3 319 1073741822 300.937317
 4 319 1610612733 300.003204
 1 320 0 300.
 2 320 536870911 300.000031
 3 320 1073741822 300.934692
 4 320 1610612733 300.003204
 1 321 0 300.
 2 321 536870911 300.000031
 3 321 1073741822 300.943024
 4 321 1610612733 300.004791
 1 322 0 300.
 2 322 536870911 300.000031
 3 322 1073741822 300.940399
 4 322 1610612733 300.004761
 1 323 0 300.
 2 323 536870911 300.000031
 3 323 1073741822 300.937775
 4 323 1610612733 300.004761
 1 324 0 300.
 2 324 536870911 300.000031
 3 324 1073741822 300.93512
 4 324 1610612733 300.00473
 1 325 0 300.
 2 325 536870911 300.000031
 3 325 1073741822 300.932526
 4 325 1610612733 300.00473
 1 326 0 300.
 2 326 536870911 300.000031
 3 326 1073741822 300.929901
 4 326 1610612733 300.0047
 1 327 0 300.
 2 327 536870911 300.
 3 327 1073741822 300.927277
 4 327 1610612733 300.0047
 1 328 0 300.
 2 328 536870911 300.000031
 3 328 1073741822 300.924652
 4 328 1610612733 300.0047
 1 329 0 300.
 2 329 536870911 300.000031
 3 329 1073741822 300.922058
 4 329 1610612733 300.0047
 1 330 0 300.
 2 330 536870911 300.000031
 3 330 1073741822 300.919464
 4 330 1610612733 300.004669
 1 331 0 300.
 2 331 536870911 300.
 3 331 1073741822 300.91684
 4 331 1610612733 300.004669
 1 332 0 300.
 2 332 536870911 300.000031
 3 332 1073741822 300.914246
 4 332 1610612733 300.004639
 1 333 0 300.
 2 333 536870911 300.000031
 3 333 1073741822 300.911682
 4 333 1610612733 300.004639
 1 334 0 300.
 2 334 536870911 300.000031
 3 334 1073741822 300.909058
 4 334 1610612733 300.004608
 1 335 0 300.
 2 335 536870911 300.000031
 3 335 1073741822 300.906494
 4 335 1610612733 300.004639
 1 336 0 300.
 2 336 536870911 300.000031
 3 336 1073741822 300.9039
 4 336 1610612733 300.004608
 1 337 0 300.
 2 337 536870911 300.000031
 3 337 1073741822 300.901337
 4 337 1610612733 300.004608
 1 338 0 300.
 2 338 536870911 300.000031
 3 338 1073741822 300.898743
 4 338 1610612733 300.004608
 1 339 0 300.
 2 339 536870911 300.000031
 3 339 1073741822 300.896179
 4 339 1610612733 300.004578
 1 340 0 300.
 2 340 536870911 300.000031
 3 340 1073741822 300.893616
 4 340 1610612733 300.004578
 1 341 0 300.
 2 341 536870911 300.000061
 3 341 1073741822 300.891144
 4 341 1610612733 300.006989
 1 342 0 300.
 2 342 536870911 300.000031
 3 342 1073741822 300.88858
 4 342 1610612733 300.006958
 1 343 0 300.
 2 343 536870911 300.000031
 3 343 1073741822 300.886047
 4 343 1610612733 300.006958
 1 344 0 300.
 2 344 536870911 300.000031
 3 344 1073741822 300.883514
 4 344 1610612733 300.006927
 1 345 0 300.
 2 345 536870911 300.000061
 3 345 1073741822 300.880981
 4 345 1610612733 300.006897
 1 346 0 300.
 2 346 536870911 300.000061
 3 346 1073741822 300.878448
 4 346 1610612733 300.006866
 1 347 0 300.
 2 347 536870911 300.000031
 3 347 1073741822 300.875916
 4 347 1610612733 300.006866
 1 348 0 300.
 2 348 536870911 300.000031
 3 348 1073741822 300.873413
 4 348 1610612733 300.006836
 1 349 0 300.
 2 349 536870911 300.000031
 3 349 1073741822 300.87088
 4 349 1610612733 300.006805
 1 350 0 300.
 2 350 536870911 300.000061
 3 350 1073741822 300.868378
 4 350 1610612733 300.006805
 1 351 0 300.
 2 351 536870911 300.000061
 3 351 1073741822 300.865845
 4 351 1610612733 300.006775
 1 352 0 300.
 2 352 536870911 300.000031
 3 352 1073741822 300.863342
 4 352 1610612733 300.006775
 1 353 0 300.
 2 353 536870911 300.000031
 3 353 1073741822 300.86087
 4 353 1610612733 300.006744
 1 354 0 300.
 2 354 536870911 300.000031
 3 354 1073741822 300.858368
 4 354 1610612733 300.006714
 1 355 0 300.
 2 355 536870911 300.000061
 3 355 1073741822 300.855865
 4 355 1610612733 300.006714
 1 356 0 300.
 2 356 536870911 300.000061
 3 356 1073741822 300.853394
 4 356 1610612733 300.006683
 1 357 0 300.
 2 357 536870911 300.000061
 3 357 1073741822 300.850891
 4 357 1610612733 300.006683
 1 358 0 300.
 2 358 536870911 300.000031
 3 358 1073741822 300.848419
 4 358 1610612733 300.006653
 1 359 0 300.
 2 359 536870911 300.000031
 3 359 1073741822 300.845947
 4 359 1610612733 300.006653
 1 360 0 300.
 2 360 536870911 300.000061
 3 360 1073741822 300.843475
 4 360 1610612733 300.006622
 1 361 0 300.
 2 361 536870911 300.000031
 3 361 1073741822 300.836731
 4 361 1610612733 300.009796
 1 362 0 300.
 2 362 536870911 300.000061
 3 362 1073741822 300.834259
 4 362 1610612733 300.009766
 1 363 0 300.
 2 363 536870911 300.000061
 3 363 1073741822 300.831848
 4 363 1610612733 300.009735
 1 364 0 300.
 2 364 536870911 300.000031
 3 364 1073741822 300.829407
 4 364 1610612733 300.009735
 1 365 0 300.
 2 365 536870911 300.000031
 3 365 1073741822 300.826965
 4 365 1610612733 300.009674
 1 366 0 300.
 2 366 536870911 300.000061
 3 366 1073741822 300.824554
 4 366 1610612733 300.009674
 1 367 0 300.
 2 367 536870911 300.000061
 3 367 1073741822 300.822083
 4 367 1610612733 300.009644
 1 368 0 300.
 2 368 536870911 300.000031
 3 368 1073741822 300.819672
 4 368 1610612733 300.009613
 1 369 0 300.
 2 369 536870911 300.000061
 3 369 1073741822 300.817261
 4 369 1610612733 300.009613
 1 370 0 300.
 2 370 536870911 300.000061
 3 370 1073741822 300.81485
 4 370 1610612733 300.009583
 1 371 0 300.
 2 371 536870911 300.000061
 3 371 1073741822 300.812439
 4 371 1610612733 300.009552
 1 372 0 300.
 2 372 536870911 300.000061
 3 372 1073741822 300.810059
 4 372 1610612733 300.009521
 1 373 0 300.
 2 373 536870911 300.000061
 3 373 1073741822 300.807648
 4 373 1610612733 300.009521
 1 374 0 300.
 2 374 536870911 300.000031
 3 374 1073741822 300.805237
 4 374 1610612733 300.009491
 1 375 0 300.
 2 375 536870911 300.000061
 3 375 1073741822 300.802856
 4 375 1610612733 300.00946
 1 376 0 300.
 2 376 536870911 300.000061
 3 376 1073741822 300.800446
 4 376 1610612733 300.00946
 1 377 0 300.
 2 377 536870911 300.000061
 3 377 1073741822 300.798096
 4 377 1610612733 300.00943
 1 378 0 300.
 2 378 536870911 300.000031
 3 378 1073741822 300.795715
 4 378 1610612733 300.00943
 1 379 0 300.
 2 379 536870911 300.000061
 3 379 1073741822 300.793335
 4 379 1610612733 300.009399
 1 380 0 300.
 2 380 536870911 300.000031
 3 380 1073741822 300.790985
 4 380 1610612733 300.009399
 1 381 0 300.
 2 381 536870911 300.000031
 3 381 1073741822 300.78418
 4 381 1610612733 300.01239
 1 382 0 300.
 2 382 536870911 300.000031
 3 382 1073741822 300.78186
 4 382 1610612733 300.01239
 1 383 0 300.
 2 383 536870911 300.000031
 3 383 1073741822 300.77948
 4 383 1610612733 300.01236
 1 384 0 300.
 2 384 536870911 300.000031
 3 384 1073741822 300.77713
 4 384 1610612733 300.01236
 1 385 0 300.
 2 385 536870911 300.000031
 3 385 1073741822 300.774841
 4 385 1610612733 300.012299
 1 386 0 300.
 2 386 536870911 300.000031
 3 386 1073741822 300.772491
 4 386 1610612733 300.012299
 1 387 0 300.
 2 387 536870911 300.000061
 3 387 1073741822 300.770172
 4 387 1610612733 300.012268
 1 388 0 300.
 2 388 536870911 300.000031
 3 388 1073741822 300.767822
 4 388 1610612733 300.012268
 1 389 0 300.
 2 389 536870911 300.000031
 3 389 1073741822 300.765533
 4 389 1610612733 300.012238
 1 390 0 300.
 2 390 536870911 300.000031
 3 390 1073741822 300.763184
 4 390 1610612733 300.012207
 1 391 0 300.
 2 391 536870911 300.000031
 3 391 1073741822 300.760864
 4 391 1610612733 300.012177
 1 392 0 300.
 2 392 536870911 300.000031
 3 392 1073741822 300.758606
 4 392 1610612733 300.012177
 1 393 0 300.
 2 393 536870911 300.000031
 3 393 1073741822 300.756287
 4 393 1610612733 300.012146
 1 394 0 300.
 2 394 536870911 300.000031
 3 394 1073741822 300.753967
 4 394 1610612733 300.012115
 1 395 0 300.
 2 395 536870911 300.000031
 3 395 1073741822 300.751678
 4 395 1610612733 300.012115
 1 396 0 300.
 2 396 536870911 300.000031
 3 396 1073741822 300.74942
 4 396 1610612733 300.012085
 1 397 0 300.
 2 397 536870911 300.000031
 3 397 1073741822 300.747131
 4 397 1610612733 300.012085
 1 398 0 300.
 2 398 536870911 300.000031
 3 398 1073741822 300.744843
 4 398 1610612733 300.012054
 1 399 0 300.
 2 399 536870911 300.000031
 3 399 1073741822 300.742584
 4 399 1610612733 300.012024
 1 400 0 300.
 2 400 536870911 300.000031
 3 400 1073741822 300.740326
 4 400 1610612733 300.011993
