 1 1 0 322.903656
 2 1 268435455 333.826141
 3 1 536870910 312.852631
 4 1 805306365 327.950439
 5 1 1073741820 297.849884
 6 1 1342177275 320.717651
 7 1 1610612730 353.207092
 8 1 1879048185 310.051666
 1 2 0 322.986084
 2 2 268435455 333.947174
 3 2 536870910 313.069702
 4 2 805306365 327.988007
 5 2 1073741820 298.469635
 6 2 1342177275 320.91214
 7 2 1610612730 353.615814
 8 2 1879048185 310.216431
 1 3 0 323.102966
 2 3 268435455 334.118683
 3 3 536870910 313.377747
 4 3 805306365 327.990723
 5 3 1073741820 299.348663
 6 3 1342177275 321.187805
 7 3 1610612730 354.194153
 8 3 1879048185 310.450134
 1 4 0 323.254272
 2 4 268435455 334.340424
 3 4 536870910 313.776886
 4 4 805306365 327.994263
 5 4 1073741820 300.485931
 6 4 1342177275 321.544464
 7 4 1610612730 354.941772
 8 4 1879048185 310.752747
 1 5 0 323.440002
 2 5 268435455 334.612274
 3 5 536870910 314.267181
 4 5 805306365 327.998596
 5 5 1073741820 301.497375
 6 5 1342177275 321.981903
 7 5 1610612730 355.858124
 8 5 1879048185 311.124237
 1 6 0 323.671967
 2 6 268435455 334.93396
 3 6 536870910 314.848694
 4 6 805306365 328.003723
 5 6 1073741820 302.514801
 6 6 1342177275 322.300232
 7 6 1610612730 356.942505
 8 6 1879048185 311.564484
 1 7 0 323.945892
 2 7 268435455 335.026855
 3 7 536870910 315.521515
 4 7 805306365 328.009613
 5 7 1073741820 303.688782
 6 7 1342177275 322.555084
 7 7 1610612730 358.194214
 8 7 1879048185 312.073425
 1 8 0 324.256866
 2 8 268435455 335.063873
 3 8 536870910 316.128662
 4 8 805306365 328.016327
 5 8 1073741820 305.018188
 6 8 1342177275 322.844147
 7 8 1610612730 359.120605
 8 8 1879048185 312.725281
 1 9 0 324.604889
 2 9 268435455 335.105225
 3 9 536870910 316.612671
 4 9 805306365 328.023804
 5 9 1073741820 306.501587
 6 9 1342177275 323.167389
 7 9 1610612730 360.123596
 8 9 1879048185 313.573029
 1 10 0 324.992493
 2 10 268435455 335.150909
 3 10 536870910 317.147919
 4 10 805306365 328.173065
 5 10 1073741820 307.401276
 6 10 1342177275 323.526245
 7 10 1610612730 361.229431
 8 10 1879048185 314.510834
 1 11 0 325.450714
 2 11 268435455 335.257141
 3 11 536870910 317.734009
 4 11 805306365 328.344421
 5 11 1073741820 308.022705
 6 11 1342177275 323.94751
 7 11 1610612730 362.436646
 8 11 1879048185 315.538818
 1 12 0 325.949463
 2 12 268435455 335.428711
 3 12 536870910 318.157471
 4 12 805306365 328.531647
 5 12 1073741820 308.697449
 6 12 1342177275 324.405487
 7 12 1610612730 363.806427
 8 12 1879048185 316.338806
 1 13 0 326.489044
 2 13 268435455 335.614014
 3 13 536870910 318.526062
 4 13 805306365 328.769257
 5 13 1073741820 309.219116
 6 13 1342177275 324.900208
 7 13 1610612730 365.291473
 8 13 1879048185 317.022461
 1 14 0 327.025146
 2 14 268435455 336.009186
 3 14 536870910 318.921539
 4 14 805306365 329.867065
 5 14 1073741820 309.438873
 6 14 1342177275 325.471863
 7 14 1610612730 366.881165
 8 14 1879048185 317.756409
 1 15 0 327.591797
 2 15 268435455 336.703857
 3 15 536870910 320.069275
 4 15 805306365 331.050751
 5 15 1073741820 309.673462
 6 15 1342177275 326.088867
 7 15 1610612730 344.669495
 8 15 1879048185 318.248505
 1 16 0 327.992157
 2 16 268435455 337.443298
 3 16 536870910 321.405975
 4 16 805306365 332.241669
 5 16 1073741820 310.567566
 6 16 1342177275 326.729004
 8 16 1879048185 318.695801
 1 17 0 328.008362
 2 17 268435455 339.203766
 3 17 536870910 322.437012
 4 17 805306365 332.550018
 5 17 1073741820 311.746826
 6 17 1342177275 327.36731
 8 17 1879048185 319.550537
 1 18 0 328.045563
 2 18 268435455 341.185577
 3 18 536870910 323.072906
 4 18 805306365 332.878174
 5 18 1073741820 313.171509
 6 18 1342177275 327.988251
 8 18 1879048185 321.039886
 1 19 0 328.380066
 2 19 268435455 342.74292
 3 19 536870910 323.759857
 4 19 805306365 333.548645
 5 19 1073741820 314.889008
 6 19 1342177275 328.006317
 8 19 1879048185 322.345795
 1 20 0 328.743805
 2 20 268435455 344.125549
 3 20 536870910 324.515228
 4 20 805306365 334.470306
 5 20 1073741820 316.358276
 6 20 1342177275 328.041718
 8 20 1879048185 323.046021
 1 21 0 330.567657
 2 21 268435455 346.178375
 3 21 536870910 325.335571
 4 21 805306365 335.038788
 5 21 1073741820 317.426086
 6 21 1342177275 328.41098
 8 21 1879048185 323.799744
 1 22 0 332.276978
 2 22 268435455 348.593658
 3 22 536870910 326.232605
 4 22 805306365 335.128418
 5 22 1073741820 318.248962
 6 22 1342177275 329.069885
 8 22 1879048185 324.623444
 1 23 0 332.730011
 2 23 268435455 350.170807
 3 23 536870910 327.115906
 4 23 805306365 335.324371
 5 23 1073741820 318.872406
 6 23 1342177275 331.06546
 8 23 1879048185 325.526642
 1 24 0 333.489044
 2 24 268435455 352.13739
 3 24 536870910 327.987488
 4 24 805306365 335.63382
 5 24 1073741820 320.596039
 6 24 1342177275 332.428986
 8 24 1879048185 326.496918
 1 25 0 334.721313
 2 25 268435455 356.426514
 3 25 536870910 328.011078
 4 25 805306365 336.478088
 5 25 1073741820 322.342773
 6 25 1342177275 332.920715
 8 25 1879048185 327.424652
 1 26 0 335.088074
 2 26 268435455 359.917419
 3 26 536870910 328.237244
 4 26 805306365 337.644226
 5 26 1073741820 323.226929
 6 26 1342177275 334.063477
 8 26 1879048185 327.99707
 1 27 0 335.269257
 2 27 268435455 362.839142
 3 27 536870910 328.711853
 4 27 805306365 340.375671
 5 27 1073741820 324.190186
 6 27 1342177275 335.034454
 8 27 1879048185 328.022339
 1 28 0 335.650543
 2 28 268435455 366.008179
 3 28 536870910 331.090637
 4 28 805306365 342.703583
 5 28 1073741820 325.228455
 6 28 1342177275 335.155365
 8 28 1879048185 328.480804
 1 29 0 336.766022
 2 29 268435455 333.095581
 3 29 536870910 332.534546
 4 29 805306365 344.556976
 5 29 1073741820 326.368042
 6 29 1342177275 335.507629
 8 29 1879048185 330.019379
 1 30 0 338.889526
 3 30 536870910 333.296021
 4 30 805306365 347.617279
 5 30 1073741820 327.45929
 6 30 1342177275 336.341675
 8 30 1879048185 332.308258
 1 31 0 342.049438
 3 31 536870910 334.822571
 4 31 805306365 349.98056
 5 31 1073741820 328.001801
 6 31 1342177275 337.973541
 8 31 1879048185 332.915924
 1 32 0 344.186554
 3 32 536870910 335.12265
 4 32 805306365 352.624542
 5 32 1073741820 328.15152
 6 32 1342177275 341.356995
 8 32 1879048185 334.339325
 1 33 0 347.476288
 3 33 536870910 335.458557
 4 33 805306365 357.92041
 5 33 1073741820 328.713989
 6 33 1342177275 343.732941
 8 33 1879048185 335.083771
 1 34 0 350.156464
 3 34 536870910 336.356354
 4 34 805306365 361.498505
 5 34 1073741820 331.530762
 6 34 1342177275 346.850037
 8 34 1879048185 335.347198
 1 35 0 353.812531
 3 35 536870910 338.422729
 4 35 805306365 365.173309
 5 35 1073741820 332.730652
 6 35 1342177275 349.853943
 8 35 1879048185 336.028961
 1 36 0 359.24353
 3 36 536870910 342.075958
 4 36 805306365 337.562408
 5 36 1073741820 334.023926
 6 36 1342177275 353.130707
 8 36 1879048185 337.723938
 1 37 0 363.160217
 3 37 536870910 344.530945
 5 37 1073741820 335.068817
 6 37 1342177275 358.907013
 8 37 1879048185 341.600555
 1 38 0 364.905121
 3 38 536870910 348.528778
 5 38 1073741820 335.339478
 6 38 1342177275 362.904938
 8 38 1879048185 344.194489
 3 39 536870910 351.04248
 5 39 1073741820 336.12915
 6 39 1342177275 367.199493
 8 39 1879048185 348.072876
 3 40 536870910 357.027039
 5 40 1073741820 338.255981
 6 40 1342177275 294.767731
 8 40 1879048185 350.827484
 3 41 536870910 361.761993
 5 41 1073741820 342.202881
 8 41 1879048185 356.558319
 3 42 536870910 366.318146
 5 42 1073741820 345.077881
 8 42 1879048185 361.541992
 3 43 536870910 304.33609
 5 43 1073741820 349.216827
 8 43 1879048185 366.165619
 5 44 1073741820 352.390778
 8 44 1879048185 305.574097
 5 45 1073741820 359.067688
 5 46 1073741820 363.723236
 5 47 1073741820 343.42157
