 1 1 0 322.869202
 1 2 0 322.882721
 1 3 0 322.89624
 1 4 0 322.90976
 1 5 0 322.923279
 1 6 0 322.936798
 1 7 0 322.950348
 1 8 0 322.963837
 1 9 0 322.977356
 1 10 0 322.990845
 1 11 0 323.004364
 1 12 0 323.017853
 1 13 0 323.031342
 1 14 0 323.04483
 1 15 0 323.058319
 1 16 0 323.071808
 1 17 0 323.085266
 1 18 0 323.098724
 1 19 0 323.112183
 1 20 0 323.125641
 1 21 0 323.139069
 1 22 0 323.152496
 1 23 0 323.165894
 1 24 0 323.179321
 1 25 0 323.192719
 1 26 0 323.206116
 1 27 0 323.219482
 1 28 0 323.232819
 1 29 0 323.246185
 1 30 0 323.259521
 1 31 0 323.272827
 1 32 0 323.286133
 1 33 0 323.299438
 1 34 0 323.312744
 1 35 0 323.326019
 1 36 0 323.339264
 1 37 0 323.352509
 1 38 0 323.365723
 1 39 0 323.378906
 1 40 0 323.39212
 1 41 0 323.405273
 1 42 0 323.418427
 1 43 0 323.431549
 1 44 0 323.444672
 1 45 0 323.457794
 1 46 0 323.470856
 1 47 0 323.483887
 1 48 0 323.496948
 1 49 0 323.510345
 1 50 0 323.524292
 1 51 0 323.538269
 1 52 0 323.552216
 1 53 0 323.566132
 1 54 0 323.580017
 1 55 0 323.593872
 1 56 0 323.607666
 1 57 0 323.621521
 1 58 0 323.635284
 1 59 0 323.649048
 1 60 0 323.662781
 1 61 0 323.676453
 1 62 0 323.690125
 1 63 0 323.703766
 1 64 0 323.717377
 1 65 0 323.730957
 1 66 0 323.744507
 1 67 0 323.758026
 1 68 0 323.771484
 1 69 0 323.784943
 1 70 0 323.79837
 1 71 0 323.811768
 1 72 0 323.825104
 1 73 0 323.83844
 1 74 0 323.851685
 1 75 0 323.86496
 1 76 0 323.878143
 1 77 0 323.891327
 1 78 0 323.90448
 1 79 0 323.917603
 1 80 0 323.930603
 1 81 0 323.943665
 1 82 0 323.956665
 1 83 0 323.969604
 1 84 0 323.982513
 1 85 0 323.995392
 1 86 0 324.008179
 1 87 0 324.020996
 1 88 0 324.033752
 1 89 0 324.046448
 1 90 0 324.059113
 1 91 0 324.071747
 1 92 0 324.08429
 1 93 0 324.096863
 1 94 0 324.109344
 1 95 0 324.121796
 1 96 0 324.134186
 1 97 0 324.146545
 1 98 0 324.158844
 1 99 0 324.171112
 1 100 0 324.183319
 1 1 0 322.869202
 1 2 0 322.882721
 1 3 0 322.89624
 1 4 0 322.90976
 1 5 0 322.923279
 1 6 0 322.936798
 1 7 0 322.950348
 1 8 0 322.963837
 1 9 0 322.977356
 1 10 0 322.990845
 1 11 0 323.004364
 1 12 0 323.017853
 1 13 0 323.031342
 1 14 0 323.04483
 1 15 0 323.058319
 1 16 0 323.071808
 1 17 0 323.085266
 1 18 0 323.098724
 1 19 0 323.112183
 1 20 0 323.125641
 1 21 0 323.139069
 1 22 0 323.152496
 1 23 0 323.165894
 1 24 0 323.179321
 1 25 0 323.192719
 1 26 0 323.206116
 1 27 0 323.219482
 1 28 0 323.232819
 1 29 0 323.246185
 1 30 0 323.259521
 1 31 0 323.272827
 1 32 0 323.286133
 1 33 0 323.299438
 1 34 0 323.312744
 1 35 0 323.326019
 1 36 0 323.339264
 1 37 0 323.352509
 1 38 0 323.365723
 1 39 0 323.378906
 1 40 0 323.39212
 1 41 0 323.405273
 1 42 0 323.418427
 1 43 0 323.431549
 1 44 0 323.444672
 1 45 0 323.457794
 1 46 0 323.470856
 1 47 0 323.483887
 1 48 0 323.496948
 1 49 0 323.510345
 1 50 0 323.524292
 1 51 0 323.538269
 1 52 0 323.552216
 1 53 0 323.566132
 1 54 0 323.580017
 1 55 0 323.593872
 1 56 0 323.607666
 1 57 0 323.621521
 1 58 0 323.635284
 1 59 0 323.649048
 1 60 0 323.662781
 1 61 0 323.676453
 1 62 0 323.690125
 1 63 0 323.703766
 1 64 0 323.717377
 1 65 0 323.730957
 1 66 0 323.744507
 1 67 0 323.758026
 1 68 0 323.771484
 1 69 0 323.784943
 1 70 0 323.79837
 1 71 0 323.811768
 1 72 0 323.825104
 1 73 0 323.83844
 1 74 0 323.851685
 1 75 0 323.86496
 1 76 0 323.878143
 1 77 0 323.891327
 1 78 0 323.90448
 1 79 0 323.917603
 1 80 0 323.930603
 1 81 0 323.943665
 1 82 0 323.956665
 1 83 0 323.969604
 1 84 0 323.982513
 1 85 0 323.995392
 1 86 0 324.008179
 1 87 0 324.020996
 1 88 0 324.033752
 1 89 0 324.046448
 1 90 0 324.059113
 1 91 0 324.071747
 1 92 0 324.08429
 1 93 0 324.096863
 1 94 0 324.109344
 1 95 0 324.121796
 1 96 0 324.134186
 1 97 0 324.146545
 1 98 0 324.158844
 1 99 0 324.171112
 1 100 0 324.183319
 1 101 0 324.195496
 1 102 0 324.207611
 1 103 0 324.219666
 1 104 0 324.23172
 1 105 0 324.243683
 1 106 0 324.255615
 1 107 0 324.267517
 1 108 0 324.279327
 1 109 0 324.291107
 1 110 0 324.302826
 1 111 0 324.314514
 1 112 0 324.326141
 1 113 0 324.337708
 1 114 0 324.349243
 1 115 0 324.360687
 1 116 0 324.372101
 1 117 0 324.383453
 1 118 0 324.394775
 1 119 0 324.406006
 1 120 0 324.417206
 1 1 0 300.
 1 2 0 300.
 1 3 0 300.
 1 4 0 300.
 1 5 0 300.
 1 6 0 300.
 1 7 0 300.
 1 8 0 300.
 1 9 0 300.
 1 10 0 300.
 1 11 0 300.
 1 12 0 300.
 1 13 0 300.
 1 14 0 300.
 1 15 0 300.
 1 16 0 300.
 1 17 0 300.
 1 18 0 300.
 1 19 0 300.
 1 20 0 300.
 1 21 0 300.
 1 22 0 300.
 1 23 0 300.
 1 24 0 300.
 1 25 0 300.
 1 26 0 300.
 1 27 0 300.
 1 28 0 300.
 1 29 0 300.
 1 30 0 300.
 1 31 0 300.
 1 32 0 300.
 1 33 0 300.
 1 34 0 300.
 1 35 0 300.
 1 36 0 300.
 1 37 0 300.
 1 38 0 300.
 1 39 0 300.
 1 40 0 300.
 1 41 0 300.
 1 42 0 300.
 1 43 0 300.
 1 44 0 300.
 1 45 0 300.
 1 46 0 300.
 1 47 0 300.
 1 48 0 300.
 1 49 0 300.
 1 50 0 300.
 1 51 0 300.
 1 52 0 300.
 1 53 0 300.
 1 54 0 300.
 1 55 0 300.
 1 56 0 300.
 1 57 0 300.
 1 58 0 300.
 1 59 0 300.
 1 60 0 300.
 1 61 0 300.
 1 62 0 300.
 1 63 0 299.999969
 1 64 0 299.999969
 1 65 0 299.999969
 1 66 0 299.999969
 1 67 0 299.999969
 1 68 0 299.999969
 1 69 0 299.999969
 1 70 0 299.999969
 1 71 0 299.999969
 1 72 0 299.999969
 1 73 0 299.999969
 1 74 0 299.999969
 1 75 0 299.999969
 1 76 0 299.999969
 1 77 0 299.999969
 1 78 0 299.999939
 1 79 0 299.999969
 1 80 0 299.999939
 1 81 0 299.999939
 1 82 0 299.999939
 1 83 0 299.999939
 1 84 0 299.999939
 1 85 0 299.999939
 1 86 0 299.999939
 1 87 0 299.999939
 1 88 0 299.999939
 1 89 0 299.999939
 1 90 0 299.999939
 1 91 0 299.999939
 1 92 0 299.999908
 1 93 0 299.999939
 1 94 0 299.999939
 1 95 0 299.999908
 1 96 0 299.999908
 1 97 0 299.999908
 1 98 0 299.999908
 1 99 0 299.999908
 1 100 0 299.999908
 1 101 0 299.999908
 1 102 0 299.999908
 1 103 0 299.999908
 1 104 0 299.999878
 1 105 0 299.999908
 1 106 0 299.999908
 1 107 0 299.999878
 1 108 0 299.999878
 1 109 0 299.999908
 1 110 0 299.999878
 1 111 0 299.999878
 1 112 0 299.999878
 1 113 0 299.999878
 1 114 0 299.999878
 1 115 0 299.999878
 1 116 0 299.999878
 1 117 0 299.999878
 1 118 0 299.999878
 1 119 0 299.999878
 1 120 0 299.999878
 1 121 0 299.999847
 1 122 0 299.999847
 1 123 0 299.999847
 1 124 0 299.999847
 1 125 0 299.999847
 1 126 0 299.999817
 1 127 0 299.999847
 1 128 0 299.999847
 1 129 0 299.999847
 1 130 0 299.999817
 1 131 0 299.999817
 1 132 0 299.999817
 1 133 0 299.999817
 1 134 0 299.999817
 1 135 0 299.999817
 1 136 0 299.999817
 1 137 0 299.999817
 1 138 0 299.999817
 1 139 0 299.999786
 1 140 0 299.999817
 1 141 0 299.999786
 1 142 0 299.999756
 1 143 0 299.999756
 1 144 0 299.999756
 1 145 0 299.999786
 1 146 0 299.999756
 1 147 0 299.999786
 1 148 0 299.999756
 1 149 0 299.999756
 1 150 0 299.999725
 1 151 0 299.999756
 1 152 0 299.999756
 1 153 0 299.999756
 1 154 0 299.999756
 1 155 0 299.999756
 1 156 0 299.999756
 1 157 0 299.999756
 1 158 0 299.999756
 1 159 0 299.999786
 1 160 0 299.999786
 1 161 0 299.999786
 1 162 0 299.999756
 1 163 0 299.999786
 1 164 0 299.999786
 1 165 0 299.999786
 1 166 0 299.999786
 1 167 0 299.999756
 1 168 0 299.999756
 1 169 0 299.999786
 1 170 0 299.999786
 1 171 0 299.999786
 1 172 0 299.999786
 1 173 0 299.999786
 1 174 0 299.999817
 1 175 0 299.999786
 1 176 0 299.999817
 1 177 0 299.999817
 1 178 0 299.999786
 1 179 0 299.999786
 1 180 0 299.999817
 1 181 0 299.999786
 1 182 0 299.999786
 1 183 0 299.999817
 1 184 0 299.999786
 1 185 0 299.999817
 1 186 0 299.999817
 1 187 0 299.999817
 1 188 0 299.999817
 1 189 0 299.999817
 1 190 0 299.999817
 1 191 0 299.999847
 1 192 0 299.999817
 1 193 0 299.999817
 1 194 0 299.999817
 1 195 0 299.999817
 1 196 0 299.999847
 1 197 0 299.999817
 1 198 0 299.999847
 1 199 0 299.999817
 1 200 0 299.999817
 1 201 0 299.999847
 1 202 0 299.999847
 1 203 0 299.999847
 1 204 0 299.999847
 1 205 0 299.999847
 1 206 0 299.999847
 1 207 0 299.999847
 1 208 0 299.999878
 1 209 0 299.999878
 1 210 0 299.999878
 1 211 0 299.999878
 1 212 0 299.999878
 1 213 0 299.999878
 1 214 0 299.999878
 1 215 0 299.999878
 1 216 0 299.999878
 1 217 0 299.999878
 1 218 0 299.999908
 1 219 0 299.999878
 1 220 0 299.999878
 1 221 0 299.999908
 1 222 0 299.999908
 1 223 0 299.999908
 1 224 0 299.999908
 1 225 0 299.999908
 1 226 0 299.999908
 1 227 0 299.999908
 1 228 0 299.999908
 1 229 0 299.999908
 1 230 0 299.999908
 1 231 0 299.999908
 1 232 0 299.999908
 1 233 0 299.999939
 1 234 0 299.999939
 1 235 0 299.999939
 1 236 0 299.999939
 1 237 0 299.999939
 1 238 0 299.999939
 1 239 0 299.999939
 1 240 0 299.999939
 1 241 0 299.999939
 1 242 0 299.999939
 1 243 0 299.999939
 1 244 0 299.999939
 1 245 0 299.999939
 1 246 0 299.999939
 1 247 0 299.999939
 1 248 0 299.999939
 1 249 0 299.999969
 1 250 0 299.999969
 1 251 0 299.999969
 1 252 0 299.999939
 1 253 0 299.999969
 1 254 0 299.999969
 1 255 0 299.999969
 1 256 0 299.999969
 1 257 0 299.999969
 1 258 0 299.999969
 1 259 0 299.999969
 1 260 0 300.
 1 261 0 300.
 1 262 0 300.
 1 263 0 300.
 1 264 0 300.
 1 265 0 300.
 1 266 0 299.999969
 1 267 0 300.
 1 268 0 300.
 1 269 0 300.
 1 270 0 300.
 1 271 0 300.
 1 272 0 300.
 1 273 0 300.
 1 274 0 300.
 1 275 0 300.
 1 276 0 300.
 1 277 0 300.
 1 278 0 300.
 1 279 0 300.
 1 280 0 300.
 1 281 0 300.
 1 282 0 300.
 1 283 0 300.
 1 284 0 300.
 1 285 0 300.
 1 286 0 300.
 1 287 0 300.
 1 288 0 300.
 1 289 0 300.
 1 290 0 300.
 1 291 0 300.
 1 292 0 300.
 1 293 0 300.
 1 294 0 300.
 1 295 0 300.
 1 296 0 300.
 1 297 0 300.
 1 298 0 300.
 1 299 0 300.
 1 300 0 300.
 1 301 0 300.
 1 302 0 300.
 1 303 0 300.
 1 304 0 300.
 1 305 0 300.
 1 306 0 300.
 1 307 0 300.
 1 308 0 300.
 1 309 0 300.
 1 310 0 300.
 1 311 0 300.
 1 312 0 299.999969
 1 313 0 300.
 1 314 0 300.
 1 315 0 300.
 1 316 0 300.
 1 317 0 300.
 1 318 0 300.
 1 319 0 300.
 1 320 0 300.
 1 321 0 300.
 1 322 0 300.
 1 323 0 300.
 1 324 0 300.
 1 325 0 300.
 1 326 0 300.
 1 327 0 300.
 1 328 0 299.999969
 1 329 0 300.
 1 330 0 300.
 1 331 0 300.
 1 332 0 300.
 1 333 0 300.
 1 334 0 300.
 1 335 0 300.
 1 336 0 300.
 1 337 0 300.
 1 338 0 300.
 1 339 0 300.
 1 340 0 300.
 1 341 0 300.
 1 342 0 300.
 1 343 0 300.
 1 344 0 299.999969
 1 345 0 300.
 1 346 0 300.
 1 347 0 300.
 1 348 0 300.
 1 349 0 300.
 1 350 0 300.
 1 351 0 300.
 1 352 0 300.
 1 353 0 300.
 1 354 0 300.
 1 355 0 300.
 1 356 0 300.
 1 357 0 300.
 1 358 0 300.
 1 359 0 300.
 1 360 0 299.999969
 1 361 0 300.
 1 362 0 300.
 1 363 0 300.
 1 364 0 300.
 1 365 0 300.
 1 366 0 300.
 1 367 0 300.
 1 368 0 300.
 1 369 0 300.
 1 370 0 300.
 1 371 0 300.
 1 372 0 300.
 1 373 0 300.
 1 374 0 300.
 1 375 0 300.
 1 376 0 299.999969
 1 377 0 300.
 1 378 0 300.
 1 379 0 300.
 1 380 0 300.
 1 381 0 300.
 1 382 0 300.
 1 383 0 300.
 1 384 0 300.
 1 385 0 300.
 1 386 0 300.
 1 387 0 300.
 1 388 0 300.
 1 389 0 300.
 1 390 0 300.
 1 391 0 300.
 1 392 0 300.
 1 393 0 300.
 1 394 0 300.
 1 395 0 300.
 1 396 0 300.
 1 397 0 300.
 1 398 0 300.
 1 399 0 300.
 1 400 0 300.
 1 1 0 322.869202
 1 2 0 322.882721
 1 3 0 322.89624
 1 4 0 322.90976
 1 5 0 322.923279
 1 6 0 322.936798
 1 7 0 322.950348
 1 8 0 322.963837
 1 9 0 322.977356
 1 10 0 322.990845
 1 11 0 323.004364
 1 12 0 323.017853
 1 13 0 323.031342
 1 14 0 323.04483
 1 15 0 323.058319
 1 16 0 323.071808
 1 17 0 323.085266
 1 18 0 323.098724
 1 19 0 323.112183
 1 20 0 323.125641
 1 21 0 323.139069
 1 22 0 323.152496
 1 23 0 323.165894
 1 24 0 323.179321
 1 25 0 323.192719
 1 26 0 323.206116
 1 27 0 323.219482
 1 28 0 323.232819
 1 29 0 323.246185
 1 30 0 323.259521
 1 31 0 323.272827
 1 32 0 323.286133
 1 33 0 323.299438
 1 34 0 323.312744
 1 35 0 323.326019
 1 36 0 323.339264
 1 37 0 323.352509
 1 38 0 323.365723
 1 39 0 323.378906
 1 40 0 323.39212
 1 41 0 323.405273
 1 42 0 323.418427
 1 43 0 323.431549
 1 44 0 323.444672
 1 45 0 323.457794
 1 46 0 323.470856
 1 47 0 323.483887
 1 48 0 323.496948
 1 49 0 323.510345
 1 50 0 323.524292
 1 51 0 323.538269
 1 52 0 323.552216
 1 53 0 323.566132
 1 54 0 323.580017
 1 55 0 323.593872
 1 56 0 323.607666
 1 57 0 323.621521
 1 58 0 323.635284
 1 59 0 323.649048
 1 60 0 323.662781
 1 61 0 323.676453
 1 62 0 323.690125
 1 63 0 323.703766
 1 64 0 323.717377
 1 65 0 323.730957
 1 66 0 323.744507
 1 67 0 323.758026
 1 68 0 323.771484
 1 69 0 323.784943
 1 70 0 323.79837
 1 71 0 323.811768
 1 72 0 323.825104
 1 73 0 323.83844
 1 74 0 323.851685
 1 75 0 323.86496
 1 76 0 323.878143
 1 77 0 323.891327
 1 78 0 323.90448
 1 79 0 323.917603
 1 80 0 323.930603
 1 81 0 323.943665
 1 82 0 323.956665
 1 83 0 323.969604
 1 84 0 323.982513
 1 85 0 323.995392
 1 86 0 324.008179
 1 87 0 324.020996
 1 88 0 324.033752
 1 89 0 324.046448
 1 90 0 324.059113
 1 91 0 324.071747
 1 92 0 324.08429
 1 93 0 324.096863
 1 94 0 324.109344
 1 95 0 324.121796
 1 96 0 324.134186
 1 97 0 324.146545
 1 98 0 324.158844
 1 99 0 324.171112
 1 100 0 324.183319
 1 101 0 324.195496
 1 102 0 324.207611
 1 103 0 324.219666
 1 104 0 324.23172
 1 105 0 324.243683
 1 106 0 324.255615
 1 107 0 324.267517
 1 108 0 324.279327
 1 109 0 324.291107
 1 110 0 324.302826
 1 111 0 324.314514
 1 112 0 324.326141
 1 113 0 324.337708
 1 114 0 324.349243
 1 115 0 324.360687
 1 116 0 324.372101
 1 117 0 324.383453
 1 118 0 324.394775
 1 119 0 324.406006
 1 120 0 324.417206
 1 1 0 300.
 1 2 0 300.
 1 3 0 300.
 1 4 0 300.
 1 5 0 300.
 1 6 0 300.
 1 7 0 300.
 1 8 0 300.
 1 9 0 300.
 1 10 0 300.
 1 11 0 300.
 1 12 0 300.
 1 13 0 300.
 1 14 0 300.
 1 15 0 300.
 1 16 0 300.
 1 17 0 300.
 1 18 0 300.
 1 19 0 300.
 1 20 0 300.
 1 21 0 300.
 1 22 0 300.
 1 23 0 300.
 1 24 0 300.
 1 25 0 300.
 1 26 0 300.
 1 27 0 300.
 1 28 0 300.
 1 29 0 300.
 1 30 0 300.
 1 31 0 300.
 1 32 0 300.
 1 33 0 300.
 1 34 0 300.
 1 35 0 300.
 1 36 0 300.
 1 37 0 300.
 1 38 0 300.
 1 39 0 300.
 1 40 0 300.
 1 41 0 300.
 1 42 0 300.
 1 43 0 300.
 1 44 0 300.
 1 45 0 300.
 1 46 0 300.
 1 47 0 300.
 1 48 0 300.
 1 49 0 300.
 1 50 0 300.
 1 51 0 300.
 1 52 0 300.
 1 53 0 300.
 1 54 0 300.
 1 55 0 300.
 1 56 0 300.
 1 57 0 300.
 1 58 0 300.
 1 59 0 300.
 1 60 0 300.
 1 61 0 300.
 1 62 0 300.
 1 63 0 299.999969
 1 64 0 299.999969
 1 65 0 299.999969
 1 66 0 299.999969
 1 67 0 299.999969
 1 68 0 299.999969
 1 69 0 299.999969
 1 70 0 299.999969
 1 71 0 299.999969
 1 72 0 299.999969
 1 73 0 299.999969
 1 74 0 299.999969
 1 75 0 299.999969
 1 76 0 299.999969
 1 77 0 299.999969
 1 78 0 299.999939
 1 79 0 299.999969
 1 80 0 299.999939
 1 81 0 299.999939
 1 82 0 299.999939
 1 83 0 299.999939
 1 84 0 299.999939
 1 85 0 299.999939
 1 86 0 299.999939
 1 87 0 299.999939
 1 88 0 299.999939
 1 89 0 299.999939
 1 90 0 299.999939
 1 91 0 299.999939
 1 92 0 299.999908
 1 93 0 299.999939
 1 94 0 299.999939
 1 95 0 299.999908
 1 96 0 299.999908
 1 97 0 299.999908
 1 98 0 299.999908
 1 99 0 299.999908
 1 100 0 299.999908
 1 101 0 299.999908
 1 102 0 299.999908
 1 103 0 299.999908
 1 104 0 299.999878
 1 105 0 299.999908
 1 106 0 299.999908
 1 107 0 299.999878
 1 108 0 299.999878
 1 109 0 299.999908
 1 110 0 299.999878
 1 111 0 299.999878
 1 112 0 299.999878
 1 113 0 299.999878
 1 114 0 299.999878
 1 115 0 299.999878
 1 116 0 299.999878
 1 117 0 299.999878
 1 118 0 299.999878
 1 119 0 299.999878
 1 120 0 299.999878
 1 121 0 299.999847
 1 122 0 299.999847
 1 123 0 299.999847
 1 124 0 299.999847
 1 125 0 299.999847
 1 126 0 299.999817
 1 127 0 299.999847
 1 128 0 299.999847
 1 129 0 299.999847
 1 130 0 299.999817
 1 131 0 299.999817
 1 132 0 299.999817
 1 133 0 299.999817
 1 134 0 299.999817
 1 135 0 299.999817
 1 136 0 299.999817
 1 137 0 299.999817
 1 138 0 299.999817
 1 139 0 299.999786
 1 140 0 299.999817
 1 141 0 299.999786
 1 142 0 299.999756
 1 143 0 299.999756
 1 144 0 299.999756
 1 145 0 299.999786
 1 146 0 299.999756
 1 147 0 299.999786
 1 148 0 299.999756
 1 149 0 299.999756
 1 150 0 299.999725
 1 151 0 299.999756
 1 152 0 299.999756
 1 153 0 299.999756
 1 154 0 299.999756
 1 155 0 299.999756
 1 156 0 299.999756
 1 157 0 299.999756
 1 158 0 299.999756
 1 159 0 299.999786
 1 160 0 299.999786
 1 161 0 299.999786
 1 162 0 299.999756
 1 163 0 299.999786
 1 164 0 299.999786
 1 165 0 299.999786
 1 166 0 299.999786
 1 167 0 299.999756
 1 168 0 299.999756
 1 169 0 299.999786
 1 170 0 299.999786
 1 171 0 299.999786
 1 172 0 299.999786
 1 173 0 299.999786
 1 174 0 299.999817
 1 175 0 299.999786
 1 176 0 299.999817
 1 177 0 299.999817
 1 178 0 299.999786
 1 179 0 299.999786
 1 180 0 299.999817
 1 181 0 299.999786
 1 182 0 299.999786
 1 183 0 299.999817
 1 184 0 299.999786
 1 185 0 299.999817
 1 186 0 299.999817
 1 187 0 299.999817
 1 188 0 299.999817
 1 189 0 299.999817
 1 190 0 299.999817
 1 191 0 299.999847
 1 192 0 299.999817
 1 193 0 299.999817
 1 194 0 299.999817
 1 195 0 299.999817
 1 196 0 299.999847
 1 197 0 299.999817
 1 198 0 299.999847
 1 199 0 299.999817
 1 200 0 299.999817
 1 201 0 299.999847
 1 202 0 299.999847
 1 203 0 299.999847
 1 204 0 299.999847
 1 205 0 299.999847
 1 206 0 299.999847
 1 207 0 299.999847
 1 208 0 299.999878
 1 209 0 299.999878
 1 210 0 299.999878
 1 211 0 299.999878
 1 212 0 299.999878
 1 213 0 299.999878
 1 214 0 299.999878
 1 215 0 299.999878
 1 216 0 299.999878
 1 217 0 299.999878
 1 218 0 299.999908
 1 219 0 299.999878
 1 220 0 299.999878
 1 221 0 299.999908
 1 222 0 299.999908
 1 223 0 299.999908
 1 224 0 299.999908
 1 225 0 299.999908
 1 226 0 299.999908
 1 227 0 299.999908
 1 228 0 299.999908
 1 229 0 299.999908
 1 230 0 299.999908
 1 231 0 299.999908
 1 232 0 299.999908
 1 233 0 299.999939
 1 234 0 299.999939
 1 235 0 299.999939
 1 236 0 299.999939
 1 237 0 299.999939
 1 238 0 299.999939
 1 239 0 299.999939
 1 240 0 299.999939
 1 241 0 299.999939
 1 242 0 299.999939
 1 243 0 299.999939
 1 244 0 299.999939
 1 245 0 299.999939
 1 246 0 299.999939
 1 247 0 299.999939
 1 248 0 299.999939
 1 249 0 299.999969
 1 250 0 299.999969
 1 251 0 299.999969
 1 252 0 299.999939
 1 253 0 299.999969
 1 254 0 299.999969
 1 255 0 299.999969
 1 256 0 299.999969
 1 257 0 299.999969
 1 258 0 299.999969
 1 259 0 299.999969
 1 260 0 300.
 1 261 0 300.
 1 262 0 300.
 1 263 0 300.
 1 264 0 300.
 1 265 0 300.
 1 266 0 299.999969
 1 267 0 300.
 1 268 0 300.
 1 269 0 300.
 1 270 0 300.
 1 271 0 300.
 1 272 0 300.
 1 273 0 300.
 1 274 0 300.
 1 275 0 300.
 1 276 0 300.
 1 277 0 300.
 1 278 0 300.
 1 279 0 300.
 1 280 0 300.
 1 281 0 300.
 1 282 0 300.
 1 283 0 300.
 1 284 0 300.
 1 285 0 300.
 1 286 0 300.
 1 287 0 300.
 1 288 0 300.
 1 289 0 300.
 1 290 0 300.
 1 291 0 300.
 1 292 0 300.
 1 293 0 300.
 1 294 0 300.
 1 295 0 300.
 1 296 0 300.
 1 297 0 300.
 1 298 0 300.
 1 299 0 300.
 1 300 0 300.
 1 301 0 300.
 1 302 0 300.
 1 303 0 300.
 1 304 0 300.
 1 305 0 300.
 1 306 0 300.
 1 307 0 300.
 1 308 0 300.
 1 309 0 300.
 1 310 0 300.
 1 311 0 300.
 1 312 0 299.999969
 1 313 0 300.
 1 314 0 300.
 1 315 0 300.
 1 316 0 300.
 1 317 0 300.
 1 318 0 300.
 1 319 0 300.
 1 320 0 300.
 1 321 0 300.
 1 322 0 300.
 1 323 0 300.
 1 324 0 300.
 1 325 0 300.
 1 326 0 300.
 1 327 0 300.
 1 328 0 299.999969
 1 329 0 300.
 1 330 0 300.
 1 331 0 300.
 1 332 0 300.
 1 333 0 300.
 1 334 0 300.
 1 335 0 300.
 1 336 0 300.
 1 337 0 300.
 1 338 0 300.
 1 339 0 300.
 1 340 0 300.
 1 341 0 300.
 1 342 0 300.
 1 343 0 300.
 1 344 0 299.999969
 1 345 0 300.
 1 346 0 300.
 1 347 0 300.
 1 348 0 300.
 1 349 0 300.
 1 350 0 300.
 1 351 0 300.
 1 352 0 300.
 1 353 0 300.
 1 354 0 300.
 1 355 0 300.
 1 356 0 300.
 1 357 0 300.
 1 358 0 300.
 1 359 0 300.
 1 360 0 299.999969
 1 361 0 300.
 1 362 0 300.
 1 363 0 300.
 1 364 0 300.
 1 365 0 300.
 1 366 0 300.
 1 367 0 300.
 1 368 0 300.
 1 369 0 300.
 1 370 0 300.
 1 371 0 300.
 1 372 0 300.
 1 373 0 300.
 1 374 0 300.
 1 375 0 300.
 1 376 0 299.999969
 1 377 0 300.
 1 378 0 300.
 1 379 0 300.
 1 380 0 300.
 1 381 0 300.
 1 382 0 300.
 1 383 0 300.
 1 384 0 300.
 1 385 0 300.
 1 386 0 300.
 1 387 0 300.
 1 388 0 300.
 1 389 0 300.
 1 390 0 300.
 1 391 0 300.
 1 392 0 300.
 1 393 0 300.
 1 394 0 300.
 1 395 0 300.
 1 396 0 300.
 1 397 0 300.
 1 398 0 300.
 1 399 0 300.
 1 400 0 300.
 1 1 0 322.869202
 1 2 0 322.882721
 1 3 0 322.89624
 1 4 0 322.90976
 1 5 0 322.923279
 1 6 0 322.936798
 1 7 0 322.950348
 1 8 0 322.963837
 1 9 0 322.977356
 1 10 0 322.990845
 1 11 0 323.004364
 1 12 0 323.017853
 1 13 0 323.031342
 1 14 0 323.04483
 1 15 0 323.058319
 1 16 0 323.071808
 1 17 0 323.085266
 1 18 0 323.098724
 1 19 0 323.112183
 1 20 0 323.125641
 1 21 0 323.139069
 1 22 0 323.152496
 1 23 0 323.165894
 1 24 0 323.179321
 1 25 0 323.192719
 1 26 0 323.206116
 1 27 0 323.219482
 1 28 0 323.232819
 1 29 0 323.246185
 1 30 0 323.259521
 1 31 0 323.272827
 1 32 0 323.286133
 1 33 0 323.299438
 1 34 0 323.312744
 1 35 0 323.326019
 1 36 0 323.339264
 1 37 0 323.352509
 1 38 0 323.365723
 1 39 0 323.378906
 1 40 0 323.39212
 1 41 0 323.405273
 1 42 0 323.418427
 1 43 0 323.431549
 1 44 0 323.444672
 1 45 0 323.457794
 1 46 0 323.470856
 1 47 0 323.483887
 1 48 0 323.496948
 1 49 0 323.510345
 1 50 0 323.524292
 1 51 0 323.538269
 1 52 0 323.552216
 1 53 0 323.566132
 1 54 0 323.580017
 1 55 0 323.593872
 1 56 0 323.607666
 1 57 0 323.621521
 1 58 0 323.635284
 1 59 0 323.649048
 1 60 0 323.662781
 1 61 0 323.676453
 1 62 0 323.690125
 1 63 0 323.703766
 1 64 0 323.717377
 1 65 0 323.730957
 1 66 0 323.744507
 1 67 0 323.758026
 1 68 0 323.771484
 1 69 0 323.784943
 1 70 0 323.79837
 1 71 0 323.811768
 1 72 0 323.825104
 1 73 0 323.83844
 1 74 0 323.851685
 1 75 0 323.86496
 1 76 0 323.878143
 1 77 0 323.891327
 1 78 0 323.90448
 1 79 0 323.917603
 1 80 0 323.930603
 1 81 0 323.943665
 1 82 0 323.956665
 1 83 0 323.969604
 1 84 0 323.982513
 1 85 0 323.995392
 1 86 0 324.008179
 1 87 0 324.020996
 1 88 0 324.033752
 1 89 0 324.046448
 1 90 0 324.059113
 1 91 0 324.071747
 1 92 0 324.08429
 1 93 0 324.096863
 1 94 0 324.109344
 1 95 0 324.121796
 1 96 0 324.134186
 1 97 0 324.146545
 1 98 0 324.158844
 1 99 0 324.171112
 1 100 0 324.183319
 1 101 0 324.195496
 1 102 0 324.207611
 1 103 0 324.219666
 1 104 0 324.23172
 1 105 0 324.243683
 1 106 0 324.255615
 1 107 0 324.267517
 1 108 0 324.279327
 1 109 0 324.291107
 1 110 0 324.302826
 1 111 0 324.314514
 1 112 0 324.326141
 1 113 0 324.337708
 1 114 0 324.349243
 1 115 0 324.360687
 1 116 0 324.372101
 1 117 0 324.383453
 1 118 0 324.394775
 1 119 0 324.406006
 1 120 0 324.417206
 1 121 0 324.428314
 1 122 0 324.439423
 1 123 0 324.450439
 1 124 0 324.461395
 1 125 0 324.472321
 1 126 0 324.483154
 1 127 0 324.493958
 1 128 0 324.5047
 1 129 0 324.515381
 1 130 0 324.526001
 1 131 0 324.53656
 1 132 0 324.547058
 1 133 0 324.557495
 1 134 0 324.567871
 1 135 0 324.578186
 1 136 0 324.58847
 1 137 0 324.598663
 1 138 0 324.608795
 1 139 0 324.618835
 1 140 0 324.628845
 1 141 0 324.638794
 1 142 0 324.648682
 1 143 0 324.658508
 1 144 0 324.668274
 1 145 0 324.677917
 1 146 0 324.687561
 1 147 0 324.697113
 1 148 0 324.706604
 1 149 0 324.716034
 1 150 0 324.725372
 1 151 0 324.73465
 1 152 0 324.743896
 1 153 0 324.753052
 1 154 0 324.762146
 1 155 0 324.771179
 1 156 0 324.780121
 1 157 0 324.789032
 1 158 0 324.797821
 1 159 0 324.80658
 1 160 0 324.815247
 1 161 0 324.823853
 1 162 0 324.832397
 1 163 0 324.840851
 1 164 0 324.849243
 1 165 0 324.857574
 1 166 0 324.865814
 1 167 0 324.874023
 1 168 0 324.882111
 1 169 0 324.890137
 1 170 0 324.898102
 1 171 0 324.905975
 1 172 0 324.913818
 1 173 0 324.921539
 1 174 0 324.929199
 1 175 0 324.936798
 1 176 0 324.944336
 1 177 0 324.951752
 1 178 0 324.959137
 1 179 0 324.96698
 1 180 0 324.974792
 1 181 0 324.982544
 1 182 0 324.990234
 1 183 0 324.997803
 1 184 0 325.00531
 1 185 0 325.012726
 1 186 0 325.020081
 1 187 0 325.027313
 1 188 0 325.034485
 1 189 0 325.041534
 1 190 0 325.048584
 1 191 0 325.055481
 1 192 0 325.062317
 1 193 0 325.069061
 1 194 0 325.075714
 1 195 0 325.082275
 1 196 0 325.088745
 1 197 0 325.095154
 1 198 0 325.101471
 1 199 0 325.107666
 1 200 0 325.1138
 1 201 0 325.119843
 1 202 0 325.125824
 1 203 0 325.131683
 1 204 0 325.137451
 1 205 0 325.143158
 1 206 0 325.148743
 1 207 0 325.154266
 1 208 0 325.159698
 1 209 0 325.164978
 1 210 0 325.170227
 1 211 0 325.175415
 1 212 0 325.180481
 1 213 0 325.185455
 1 214 0 325.190308
 1 215 0 325.195129
 1 216 0 325.199799
 1 217 0 325.204407
 1 218 0 325.208923
 1 219 0 325.213348
 1 220 0 325.217682
 1 221 0 325.221924
 1 222 0 325.226074
 1 223 0 325.230133
 1 224 0 325.23407
 1 225 0 325.237946
 1 226 0 325.24173
 1 227 0 325.245392
 1 228 0 325.248993
 1 229 0 325.252472
 1 230 0 325.255859
 1 231 0 325.259216
 1 232 0 325.262421
 1 233 0 325.265533
 1 234 0 325.268555
 1 235 0 325.271484
 1 236 0 325.274323
 1 237 0 325.2771
 1 238 0 325.279724
 1 239 0 325.282288
 1 240 0 325.28476
 1 241 0 325.287109
 1 242 0 325.289398
 1 243 0 325.291565
 1 244 0 325.29364
 1 245 0 325.295624
 1 246 0 325.297516
 1 247 0 325.299316
 1 248 0 325.301025
 1 249 0 325.302612
 1 250 0 325.304108
 1 251 0 325.305542
 1 252 0 325.306854
 1 253 0 325.308075
 1 254 0 325.309204
 1 255 0 325.310242
 1 256 0 325.311157
 1 257 0 325.312012
 1 258 0 325.312744
 1 259 0 325.313385
 1 260 0 325.313934
 1 261 0 325.314392
 1 262 0 325.314758
 1 263 0 325.315002
 1 264 0 325.315186
 1 265 0 325.315247
 1 266 0 325.315216
 1 267 0 325.315094
 1 268 0 325.31485
 1 269 0 325.314575
 1 270 0 325.314148
 1 271 0 325.313629
 1 272 0 325.313049
 1 273 0 325.312347
 1 274 0 325.311554
 1 275 0 325.310669
 1 276 0 325.309662
 1 277 0 325.308594
 1 278 0 325.307434
 1 279 0 325.306152
 1 280 0 325.304779
 1 281 0 325.303314
 1 282 0 325.301758
 1 283 0 325.30011
 1 284 0 325.29834
 1 285 0 325.296509
 1 286 0 325.294556
 1 287 0 325.292511
 1 288 0 325.290375
 1 289 0 325.288147
 1 290 0 325.285828
 1 291 0 325.283417
 1 292 0 325.280914
 1 293 0 325.27832
 1 294 0 325.275604
 1 295 0 325.272797
 1 296 0 325.269928
 1 297 0 325.266937
 1 298 0 325.263855
 1 299 0 325.260681
 1 300 0 325.257416
 1 301 0 325.254059
 1 302 0 325.25061
 1 303 0 325.24707
 1 304 0 325.243439
 1 305 0 325.239685
 1 306 0 325.23587
 1 307 0 325.231964
 1 308 0 325.227905
 1 309 0 325.223816
 1 310 0 325.219635
 1 311 0 325.215363
 1 312 0 325.210968
 1 313 0 325.206482
 1 314 0 325.201935
 1 315 0 325.197266
 1 316 0 325.192535
 1 317 0 325.187683
 1 318 0 325.18277
 1 319 0 325.177734
 1 320 0 325.172638
 1 321 0 325.167419
 1 322 0 325.16214
 1 323 0 325.156769
 1 324 0 325.151276
 1 325 0 325.145721
 1 326 0 325.140076
 1 327 0 325.134338
 1 328 0 325.128479
 1 329 0 325.122559
 1 330 0 325.116608
 1 331 0 325.110504
 1 332 0 325.104309
 1 333 0 325.098053
 1 334 0 325.091705
 1 335 0 325.085266
 1 336 0 325.078735
 1 337 0 325.072113
 1 338 0 325.06543
 1 339 0 325.058624
 1 340 0 325.051758
 1 341 0 325.0448
 1 342 0 325.03775
 1 343 0 325.030609
 1 344 0 325.023407
 1 345 0 325.016113
 1 346 0 325.008728
 1 347 0 325.001221
 1 348 0 324.993683
 1 349 0 324.986053
 1 350 0 324.978363
 1 351 0 324.970581
 1 352 0 324.962677
 1 353 0 324.95517
 1 354 0 324.947754
 1 355 0 324.940247
 1 356 0 324.932709
 1 357 0 324.925079
 1 358 0 324.917358
 1 359 0 324.909576
 1 360 0 324.901733
 1 361 0 324.893799
 1 362 0 324.885803
 1 363 0 324.877716
 1 364 0 324.869568
 1 365 0 324.861359
 1 366 0 324.853088
 1 367 0 324.844666
 1 368 0 324.836243
 1 369 0 324.827759
 1 370 0 324.819183
 1 371 0 324.810547
 1 372 0 324.801849
 1 373 0 324.79306
 1 374 0 324.78418
 1 375 0 324.775269
 1 376 0 324.766296
 1 377 0 324.757233
 1 378 0 324.748108
 1 379 0 324.738892
 1 380 0 324.729645
 1 381 0 324.720306
 1 382 0 324.710938
 1 383 0 324.701447
 1 384 0 324.691925
 1 385 0 324.682343
 1 386 0 324.672668
 1 387 0 324.662933
 1 388 0 324.653168
 1 389 0 324.643311
 1 390 0 324.633392
 1 391 0 324.623413
 1 392 0 324.613373
 1 393 0 324.603271
 1 394 0 324.593109
 1 395 0 324.582886
 1 396 0 324.572601
 1 397 0 324.562225
 1 398 0 324.551819
 1 399 0 324.541351
 1 400 0 324.530823
 1 1 0 322.869202
 1 2 0 322.882721
 1 3 0 322.89624
 1 4 0 322.90976
 1 5 0 322.923279
 1 6 0 322.936798
 1 7 0 322.950348
 1 8 0 322.963837
 1 9 0 322.977356
 1 10 0 322.990845
 1 11 0 323.004364
 1 12 0 323.017853
 1 13 0 323.031342
 1 14 0 323.04483
 1 15 0 323.058319
 1 16 0 323.071808
 1 17 0 323.085266
 1 18 0 323.098724
 1 19 0 323.112183
 1 20 0 323.125641
 1 21 0 323.139069
 1 22 0 323.152496
 1 23 0 323.165894
 1 24 0 323.179321
 1 25 0 323.192719
 1 26 0 323.206116
 1 27 0 323.219482
 1 28 0 323.232819
 1 29 0 323.246185
 1 30 0 323.259521
 1 31 0 323.272827
 1 32 0 323.286133
 1 33 0 323.299438
 1 34 0 323.312744
 1 35 0 323.326019
 1 36 0 323.339264
 1 37 0 323.352509
 1 38 0 323.365723
 1 39 0 323.378906
 1 40 0 323.39212
 1 41 0 323.405273
 1 42 0 323.418427
 1 43 0 323.431549
 1 44 0 323.444672
 1 45 0 323.457794
 1 46 0 323.470856
 1 47 0 323.483887
 1 48 0 323.496948
 1 49 0 323.510345
 1 50 0 323.524292
 1 51 0 323.538269
 1 52 0 323.552216
 1 53 0 323.566132
 1 54 0 323.580017
 1 55 0 323.593872
 1 56 0 323.607666
 1 57 0 323.621521
 1 58 0 323.635284
 1 59 0 323.649048
 1 60 0 323.662781
 1 61 0 323.676453
 1 62 0 323.690125
 1 63 0 323.703766
 1 64 0 323.717377
 1 65 0 323.730957
 1 66 0 323.744507
 1 67 0 323.758026
 1 68 0 323.771484
 1 69 0 323.784943
 1 70 0 323.79837
 1 71 0 323.811768
 1 72 0 323.825104
 1 73 0 323.83844
 1 74 0 323.851685
 1 75 0 323.86496
 1 76 0 323.878143
 1 77 0 323.891327
 1 78 0 323.90448
 1 79 0 323.917603
 1 80 0 323.930603
 1 81 0 323.943665
 1 82 0 323.956665
 1 83 0 323.969604
 1 84 0 323.982513
 1 85 0 323.995392
 1 86 0 324.008179
 1 87 0 324.020996
 1 88 0 324.033752
 1 89 0 324.046448
 1 90 0 324.059113
 1 91 0 324.071747
 1 92 0 324.08429
 1 93 0 324.096863
 1 94 0 324.109344
 1 95 0 324.121796
 1 96 0 324.134186
 1 97 0 324.146545
 1 98 0 324.158844
 1 99 0 324.171112
 1 100 0 324.183319
 1 101 0 324.195496
 1 102 0 324.207611
 1 103 0 324.219666
 1 104 0 324.23172
 1 105 0 324.243683
 1 106 0 324.255615
 1 107 0 324.267517
 1 108 0 324.279327
 1 109 0 324.291107
 1 110 0 324.302826
 1 111 0 324.314514
 1 112 0 324.326141
 1 113 0 324.337708
 1 114 0 324.349243
 1 115 0 324.360687
 1 116 0 324.372101
 1 117 0 324.383453
 1 118 0 324.394775
 1 119 0 324.406006
 1 120 0 324.417206
 1 121 0 324.428314
 1 122 0 324.439423
 1 123 0 324.450439
 1 124 0 324.461395
 1 125 0 324.472321
 1 126 0 324.483154
 1 127 0 324.493958
 1 128 0 324.5047
 1 129 0 324.515381
 1 130 0 324.526001
 1 131 0 324.53656
 1 132 0 324.547058
 1 133 0 324.557495
 1 134 0 324.567871
 1 135 0 324.578186
 1 136 0 324.58847
 1 137 0 324.598663
 1 138 0 324.608795
 1 139 0 324.618835
 1 140 0 324.628845
 1 141 0 324.638794
 1 142 0 324.648682
 1 143 0 324.658508
 1 144 0 324.668274
 1 145 0 324.677917
 1 146 0 324.687561
 1 147 0 324.697113
 1 148 0 324.706604
 1 149 0 324.716034
 1 150 0 324.725372
 1 151 0 324.73465
 1 152 0 324.743896
 1 153 0 324.753052
 1 154 0 324.762146
 1 155 0 324.771179
 1 156 0 324.780121
 1 157 0 324.789032
 1 158 0 324.797821
 1 159 0 324.80658
 1 160 0 324.815247
 1 161 0 324.823853
 1 162 0 324.832397
 1 163 0 324.840851
 1 164 0 324.849243
 1 165 0 324.857574
 1 166 0 324.865814
 1 167 0 324.874023
 1 168 0 324.882111
 1 169 0 324.890137
 1 170 0 324.898102
 1 171 0 324.905975
 1 172 0 324.913818
 1 173 0 324.921539
 1 174 0 324.929199
 1 175 0 324.936798
 1 176 0 324.944336
 1 177 0 324.951752
 1 178 0 324.959137
 1 179 0 324.96698
 1 180 0 324.974792
 1 181 0 324.982544
 1 182 0 324.990234
 1 183 0 324.997803
 1 184 0 325.00531
 1 185 0 325.012726
 1 186 0 325.020081
 1 187 0 325.027313
 1 188 0 325.034485
 1 189 0 325.041534
 1 190 0 325.048584
 1 191 0 325.055481
 1 192 0 325.062317
 1 193 0 325.069061
 1 194 0 325.075714
 1 195 0 325.082275
 1 196 0 325.088745
 1 197 0 325.095154
 1 198 0 325.101471
 1 199 0 325.107666
 1 200 0 325.1138
 1 201 0 325.119843
 1 202 0 325.125824
 1 203 0 325.131683
 1 204 0 325.137451
 1 205 0 325.143158
 1 206 0 325.148743
 1 207 0 325.154266
 1 208 0 325.159698
 1 209 0 325.164978
 1 210 0 325.170227
 1 211 0 325.175415
 1 212 0 325.180481
 1 213 0 325.185455
 1 214 0 325.190308
 1 215 0 325.195129
 1 216 0 325.199799
 1 217 0 325.204407
 1 218 0 325.208923
 1 219 0 325.213348
 1 220 0 325.217682
 1 221 0 325.221924
 1 222 0 325.226074
 1 223 0 325.230133
 1 224 0 325.23407
 1 225 0 325.237946
 1 226 0 325.24173
 1 227 0 325.245392
 1 228 0 325.248993
 1 229 0 325.252472
 1 230 0 325.255859
 1 231 0 325.259216
 1 232 0 325.262421
 1 233 0 325.265533
 1 234 0 325.268555
 1 235 0 325.271484
 1 236 0 325.274323
 1 237 0 325.2771
 1 238 0 325.279724
 1 239 0 325.282288
 1 240 0 325.28476
 1 241 0 325.287109
 1 242 0 325.289398
 1 243 0 325.291565
 1 244 0 325.29364
 1 245 0 325.295624
 1 246 0 325.297516
 1 247 0 325.299316
 1 248 0 325.301025
 1 249 0 325.302612
 1 250 0 325.304108
 1 251 0 325.305542
 1 252 0 325.306854
 1 253 0 325.308075
 1 254 0 325.309204
 1 255 0 325.310242
 1 256 0 325.311157
 1 257 0 325.312012
 1 258 0 325.312744
 1 259 0 325.313385
 1 260 0 325.313934
 1 261 0 325.314392
 1 262 0 325.314758
 1 263 0 325.315002
 1 264 0 325.315186
 1 265 0 325.315247
 1 266 0 325.315216
 1 267 0 325.315094
 1 268 0 325.31485
 1 269 0 325.314575
 1 270 0 325.314148
 1 271 0 325.313629
 1 272 0 325.313049
 1 273 0 325.312347
 1 274 0 325.311554
 1 275 0 325.310669
 1 276 0 325.309662
 1 277 0 325.308594
 1 278 0 325.307434
 1 279 0 325.306152
 1 280 0 325.304779
 1 281 0 325.303314
 1 282 0 325.301758
 1 283 0 325.30011
 1 284 0 325.29834
 1 285 0 325.296509
 1 286 0 325.294556
 1 287 0 325.292511
 1 288 0 325.290375
 1 289 0 325.288147
 1 290 0 325.285828
 1 291 0 325.283417
 1 292 0 325.280914
 1 293 0 325.27832
 1 294 0 325.275604
 1 295 0 325.272797
 1 296 0 325.269928
 1 297 0 325.266937
 1 298 0 325.263855
 1 299 0 325.260681
 1 300 0 325.257416
 1 301 0 325.254059
 1 302 0 325.25061
 1 303 0 325.24707
 1 304 0 325.243439
 1 305 0 325.239685
 1 306 0 325.23587
 1 307 0 325.231964
 1 308 0 325.227905
 1 309 0 325.223816
 1 310 0 325.219635
 1 311 0 325.215363
 1 312 0 325.210968
 1 313 0 325.206482
 1 314 0 325.201935
 1 315 0 325.197266
 1 316 0 325.192535
 1 317 0 325.187683
 1 318 0 325.18277
 1 319 0 325.177734
 1 320 0 325.172638
 1 321 0 325.167419
 1 322 0 325.16214
 1 323 0 325.156769
 1 324 0 325.151276
 1 325 0 325.145721
 1 326 0 325.140076
 1 327 0 325.134338
 1 328 0 325.128479
 1 329 0 325.122559
 1 330 0 325.116608
 1 331 0 325.110504
 1 332 0 325.104309
 1 333 0 325.098053
 1 334 0 325.091705
 1 335 0 325.085266
 1 336 0 325.078735
 1 337 0 325.072113
 1 338 0 325.06543
 1 339 0 325.058624
 1 340 0 325.051758
 1 341 0 325.0448
 1 342 0 325.03775
 1 343 0 325.030609
 1 344 0 325.023407
 1 345 0 325.016113
 1 346 0 325.008728
 1 347 0 325.001221
 1 348 0 324.993683
 1 349 0 324.986053
 1 350 0 324.978363
 1 351 0 324.970581
 1 352 0 324.962677
 1 353 0 324.95517
 1 354 0 324.947754
 1 355 0 324.940247
 1 356 0 324.932709
 1 357 0 324.925079
 1 358 0 324.917358
 1 359 0 324.909576
 1 360 0 324.901733
 1 361 0 324.893799
 1 362 0 324.885803
 1 363 0 324.877716
 1 364 0 324.869568
 1 365 0 324.861359
 1 366 0 324.853088
 1 367 0 324.844666
 1 368 0 324.836243
 1 369 0 324.827759
 1 370 0 324.819183
 1 371 0 324.810547
 1 372 0 324.801849
 1 373 0 324.79306
 1 374 0 324.78418
 1 375 0 324.775269
 1 376 0 324.766296
 1 377 0 324.757233
 1 378 0 324.748108
 1 379 0 324.738892
 1 380 0 324.729645
 1 381 0 324.720306
 1 382 0 324.710938
 1 383 0 324.701447
 1 384 0 324.691925
 1 385 0 324.682343
 1 386 0 324.672668
 1 387 0 324.662933
 1 388 0 324.653168
 1 389 0 324.643311
 1 390 0 324.633392
 1 391 0 324.623413
 1 392 0 324.613373
 1 393 0 324.603271
 1 394 0 324.593109
 1 395 0 324.582886
 1 396 0 324.572601
 1 397 0 324.562225
 1 398 0 324.551819
 1 399 0 324.541351
 1 400 0 324.530823
 1 1 0 322.903656
 1 2 0 322.986084
 1 3 0 323.102966
 1 4 0 323.254272
 1 5 0 323.440002
 1 6 0 323.671967
 1 7 0 323.945892
 1 8 0 324.256866
 1 9 0 324.604889
 1 10 0 324.992493
 1 11 0 325.450714
 1 12 0 325.949463
 1 13 0 326.489014
 1 14 0 327.025146
 1 15 0 327.591797
 1 16 0 327.992157
 1 17 0 328.008362
 1 18 0 328.045563
 1 19 0 328.380066
 1 20 0 328.743805
 1 21 0 330.567657
 1 22 0 332.276978
 1 23 0 332.730011
 1 24 0 333.489014
 1 25 0 334.721313
 1 26 0 335.088043
 1 27 0 335.269257
 1 28 0 335.650543
 1 29 0 336.766022
 1 30 0 338.889526
 1 31 0 342.049438
 1 32 0 344.186523
 1 33 0 347.476288
 1 34 0 350.156464
 1 35 0 353.812531
 1 36 0 359.24353
 1 37 0 363.160217
 1 38 0 364.905121
 1 1 0 322.903656
 1 2 0 322.986084
 1 3 0 323.102966
 1 4 0 323.254272
 1 5 0 323.440002
 1 6 0 323.671967
 1 7 0 323.945892
 1 8 0 324.256866
 1 9 0 324.604889
 1 10 0 324.992493
 1 11 0 325.450714
 1 12 0 325.949463
 1 13 0 326.489014
 1 14 0 327.025146
 1 15 0 327.591797
 1 16 0 327.992157
 1 17 0 328.008362
 1 18 0 328.045563
 1 19 0 328.380066
 1 20 0 328.743805
 1 21 0 330.567657
 1 22 0 332.276978
 1 23 0 332.730011
 1 24 0 333.489014
 1 25 0 334.721313
 1 26 0 335.088043
 1 27 0 335.269257
 1 28 0 335.650543
 1 29 0 336.766022
 1 30 0 338.889526
 1 31 0 342.049438
 1 32 0 344.186523
 1 33 0 347.476288
 1 34 0 350.156464
 1 35 0 353.812531
 1 36 0 359.24353
 1 37 0 363.160217
 1 38 0 364.905121
